1 0
2 0
2 1
3 0
3 1
3 2
4 0
4 1
4 2
4 3
5 0
5 1
5 2
5 4
6 0
6 1
6 2
6 4
7 0
7 1
7 2
7 3
8 0
8 1
8 4
8 7
9 0
9 1
9 3
9 7
10 0
10 1
10 2
10 7
11 0
11 1
11 3
11 10
12 0
12 3
12 4
12 10
13 0
13 1
13 3
13 7
14 2
14 3
14 4
14 10
15 0
15 1
15 2
15 11
16 0
16 1
16 4
16 10
17 0
17 1
17 9
17 11
18 0
18 1
18 2
18 11
19 0
19 1
19 2
19 10
20 1
20 2
20 3
20 5
21 0
21 3
21 7
21 14
22 0
22 3
22 7
22 14
23 0
23 1
23 2
23 10
24 0
24 3
24 7
24 10
25 1
25 2
25 7
25 10
26 0
26 1
26 3
26 11
27 1
27 2
27 11
27 22
28 3
28 4
28 5
28 7
29 4
29 11
29 12
29 22
30 0
30 1
30 3
30 4
31 0
31 1
31 3
31 12
32 0
32 2
32 7
32 19
33 2
33 8
33 10
33 13
34 0
34 2
34 10
34 17
35 0
35 3
35 17
35 19
36 1
36 4
36 10
36 13
37 1
37 3
37 11
37 29
38 0
38 1
38 2
38 10
39 2
39 10
39 14
39 38
40 0
40 3
40 4
40 11
41 1
41 2
41 3
41 12
42 0
42 1
42 7
42 10
43 0
43 1
43 27
43 42
44 0
44 2
44 29
44 42
45 2
45 4
45 10
45 22
46 0
46 3
46 5
46 22
47 1
47 2
47 10
47 29
48 0
48 2
48 13
48 15
49 2
49 12
49 23
49 33
50 0
50 3
50 4
50 19
51 1
51 28
51 33
51 50
52 0
52 1
52 7
52 11
53 2
53 4
53 7
53 10
54 10
54 11
54 40
54 49
55 2
55 11
55 17
55 38
56 0
56 1
56 36
56 42
57 0
57 3
57 11
57 53
58 4
58 6
58 12
58 34
59 0
59 2
59 10
59 23
60 3
60 10
60 13
60 43
61 1
61 2
61 10
61 11
62 1
62 2
62 44
62 50
63 0
63 2
63 29
63 56
64 1
64 4
64 23
64 29
65 2
65 5
65 11
65 50
66 0
66 1
66 5
66 22
67 0
67 7
67 15
67 42
68 4
68 11
68 12
68 34
69 0
69 3
69 23
69 60
70 6
70 7
70 10
70 23
71 1
71 3
71 11
71 24
72 0
72 1
72 4
72 46
73 0
73 3
73 12
73 15
74 3
74 11
74 29
74 43
75 2
75 3
75 35
75 38
76 3
76 7
76 11
76 50
77 14
77 31
77 44
77 64
78 4
78 8
78 11
78 63
79 10
79 11
79 53
79 60
80 0
80 4
80 7
80 11
81 0
81 1
81 11
81 41
82 2
82 7
82 8
82 53
83 3
83 11
83 29
83 35
84 0
84 1
84 21
84 40
85 0
85 10
85 23
85 24
86 3
86 4
86 11
86 44
87 0
87 3
87 22
87 75
88 3
88 7
88 8
88 10
89 0
89 2
89 7
89 11
90 1
90 2
90 4
90 7
91 1
91 2
91 12
91 55
92 2
92 10
92 11
92 70
93 0
93 3
93 7
93 65
94 0
94 1
94 2
94 4
95 4
95 10
95 19
95 22
96 0
96 3
96 7
96 55
97 3
97 7
97 17
97 55
98 1
98 4
98 6
98 29
99 3
99 22
99 42
99 43
100 4
100 7
100 11
100 13
101 0
101 2
101 4
101 7
102 1
102 7
102 11
102 22
103 0
103 1
103 7
103 12
104 0
104 4
104 21
104 38
105 0
105 5
105 15
105 52
106 22
106 41
106 71
106 81
107 3
107 4
107 12
107 64
108 4
108 18
108 23
108 32
109 0
109 7
109 29
109 71
110 0
110 4
110 12
110 22
111 2
111 3
111 10
111 23
112 2
112 7
112 15
112 68
113 2
113 3
113 10
113 91
114 0
114 4
114 7
114 15
115 4
115 10
115 62
115 100
116 2
116 3
116 11
116 51
117 1
117 2
117 7
117 11
118 1
118 3
118 4
118 68
119 3
119 22
119 23
119 37
120 0
120 2
120 4
120 52
121 1
121 3
121 7
121 41
122 2
122 7
122 10
122 12
123 2
123 36
123 38
123 64
124 2
124 7
124 12
124 15
125 0
125 1
125 50
125 52
126 4
126 11
126 65
126 71
127 0
127 11
127 17
127 55
128 0
128 1
128 12
128 55
129 4
129 7
129 11
129 23
130 10
130 21
130 49
130 53
131 0
131 4
131 36
131 39
132 2
132 3
132 17
132 26
133 0
133 3
133 12
133 100
134 1
134 2
134 13
134 52
135 0
135 1
135 11
135 14
136 2
136 3
136 28
136 53
137 10
137 14
137 18
137 23
138 0
138 1
138 2
138 7
139 0
139 17
139 35
139 94
140 0
140 2
140 3
140 44
141 0
141 4
141 58
141 63
142 0
142 2
142 3
142 7
143 0
143 8
143 23
143 47
144 0
144 2
144 12
144 23
145 2
145 10
145 46
145 63
146 2
146 3
146 19
146 23
147 2
147 3
147 79
147 117
148 1
148 2
148 7
148 38
149 0
149 4
149 11
149 43
150 0
150 1
150 13
150 38
151 1
151 11
151 40
151 119
152 2
152 26
152 47
152 92
153 0
153 4
153 7
153 14
154 2
154 12
154 22
154 133
155 1
155 2
155 34
155 132
156 0
156 2
156 17
156 55
157 0
157 1
157 2
157 10
158 0
158 2
158 3
158 4
159 0
159 2
159 119
159 140
160 1
160 4
160 22
160 79
161 2
161 3
161 7
161 34
162 1
162 3
162 7
162 11
163 1
163 17
163 38
163 146
164 2
164 12
164 47
164 71
165 0
165 4
165 55
165 65
166 12
166 14
166 82
166 134
167 0
167 2
167 4
167 7
168 3
168 13
168 84
168 119
169 11
169 14
169 30
169 58
170 1
170 12
170 29
170 63
171 2
171 7
171 11
171 15
172 1
172 22
172 23
172 66
173 1
173 23
173 42
173 146
174 1
174 7
174 17
174 157
175 2
175 7
175 10
175 33
176 0
176 1
176 24
176 96
177 1
177 7
177 29
177 61
178 1
178 8
178 22
178 46
179 1
179 4
179 8
179 68
180 2
180 11
180 26
180 38
181 1
181 7
181 11
181 71
182 11
182 17
182 34
182 133
183 3
183 4
183 7
183 11
184 7
184 10
184 38
184 53
185 1
185 4
185 11
185 184
186 1
186 18
186 35
186 52
187 0
187 1
187 3
187 7
188 0
188 3
188 11
188 82
189 0
189 12
189 53
189 71
190 1
190 3
190 4
190 29
191 0
191 38
191 44
191 133
192 3
192 4
192 17
192 52
193 0
193 4
193 7
193 10
194 1
194 3
194 22
194 150
195 3
195 10
195 11
195 24
196 1
196 93
196 148
196 165
197 1
197 2
197 15
197 23
198 0
198 11
198 15
198 30
199 4
199 11
199 22
199 198
200 0
200 4
200 7
200 92
201 1
201 11
201 23
201 25
202 0
202 10
202 11
202 190
203 0
203 1
203 10
203 136
204 0
204 2
204 23
204 49
205 2
205 4
205 61
205 139
206 3
206 10
206 191
206 198
207 3
207 4
207 55
207 71
208 1
208 7
208 40
208 140
209 7
209 12
209 114
209 180
210 1
210 15
210 53
210 62
211 0
211 1
211 3
211 183
212 1
212 2
212 12
212 46
213 33
213 63
213 184
213 201
214 0
214 2
214 121
214 133
215 1
215 29
215 91
215 117
216 4
216 10
216 12
216 139
217 10
217 12
217 54
217 201
218 0
218 7
218 11
218 24
219 0
219 2
219 56
219 71
220 7
220 25
220 60
220 74
221 0
221 1
221 4
221 74
222 3
222 7
222 10
222 11
223 2
223 29
223 71
223 129
224 0
224 53
224 155
224 206
225 0
225 5
225 10
225 67
226 22
226 81
226 96
226 207
227 2
227 40
227 81
227 159
228 44
228 75
228 95
228 102
229 10
229 11
229 12
229 47
230 1
230 2
230 63
230 188
231 1
231 3
231 12
231 15
232 0
232 1
232 13
232 208
233 2
233 10
233 56
233 71
234 12
234 19
234 22
234 180
235 0
235 1
235 3
235 61
236 1
236 14
236 117
236 226
237 0
237 1
237 3
237 22
238 1
238 22
238 39
238 163
239 0
239 1
239 7
239 33
240 10
240 11
240 40
240 46
241 11
241 22
241 29
241 70
242 10
242 11
242 28
242 44
243 2
243 11
243 22
243 24
244 0
244 10
244 161
244 234
245 0
245 7
245 15
245 200
246 0
246 2
246 4
246 206
247 0
247 1
247 4
247 173
248 3
248 4
248 7
248 11
249 4
249 53
249 55
249 158
250 0
250 1
250 9
250 12
251 3
251 23
251 56
251 176
252 10
252 12
252 40
252 47
253 2
253 11
253 29
253 200
254 22
254 23
254 26
254 52
255 1
255 4
255 17
255 185
256 2
256 40
256 151
256 161
257 1
257 3
257 136
257 165
258 0
258 2
258 3
258 79
259 0
259 1
259 108
259 121
260 28
260 29
260 192
260 253
261 0
261 29
261 63
261 256
262 3
262 4
262 7
262 134
263 0
263 4
263 52
263 188
264 0
264 1
264 70
264 148
265 1
265 3
265 13
265 52
266 1
266 4
266 52
266 199
267 0
267 22
267 62
267 239
268 7
268 28
268 43
268 117
269 0
269 1
269 11
269 17
270 0
270 11
270 12
270 38
271 0
271 7
271 175
271 202
272 22
272 47
272 67
272 183
273 3
273 4
273 23
273 43
274 3
274 4
274 8
274 70
275 1
275 2
275 7
275 208
276 1
276 11
276 110
276 263
277 0
277 2
277 3
277 4
278 1
278 4
278 10
278 206
279 2
279 3
279 53
279 91
280 12
280 22
280 159
280 190
281 1
281 27
281 139
281 224
282 1
282 11
282 17
282 224
283 1
283 4
283 10
283 11
284 2
284 10
284 14
284 22
285 0
285 3
285 4
285 148
286 2
286 3
286 219
286 254
287 3
287 36
287 40
287 62
288 1
288 11
288 42
288 74
289 2
289 10
289 139
289 241
290 1
290 2
290 3
290 10
291 40
291 41
291 53
291 60
292 0
292 60
292 119
292 286
293 2
293 60
293 140
293 188
294 2
294 3
294 4
294 190
295 4
295 7
295 44
295 150
296 4
296 7
296 53
296 63
297 2
297 41
297 131
297 234
298 2
298 3
298 12
298 17
299 12
299 15
299 40
299 53
300 0
300 29
300 58
300 201
301 0
301 28
301 91
301 163
302 2
302 3
302 29
302 39
303 4
303 11
303 29
303 36
304 0
304 11
304 148
304 301
305 0
305 3
305 36
305 38
306 2
306 4
306 30
306 188
307 1
307 4
307 12
307 17
308 3
308 7
308 10
308 38
309 0
309 10
309 60
309 74
310 4
310 11
310 18
310 187
311 3
311 40
311 53
311 74
312 1
312 2
312 14
312 270
313 0
313 2
313 7
313 134
314 0
314 3
314 12
314 52
315 4
315 43
315 108
315 287
316 0
316 4
316 10
316 22
317 2
317 7
317 11
317 191
318 0
318 3
318 14
318 188
319 0
319 1
319 45
319 280
320 1
320 3
320 64
320 205
321 22
321 35
321 74
321 108
322 2
322 10
322 22
322 211
323 0
323 44
323 180
323 226
324 4
324 11
324 35
324 224
325 10
325 14
325 91
325 249
326 1
326 10
326 101
326 132
327 63
327 71
327 86
327 293
328 0
328 2
328 37
328 71
329 2
329 3
329 54
329 66
330 1
330 4
330 68
330 236
331 0
331 44
331 133
331 182
332 7
332 14
332 15
332 66
333 3
333 7
333 11
333 17
334 3
334 4
334 8
334 56
335 3
335 10
335 66
335 68
336 0
336 11
336 14
336 22
337 1
337 278
337 286
337 290
338 40
338 47
338 112
338 133
339 2
339 7
339 10
339 70
340 0
340 1
340 42
340 231
341 0
341 3
341 56
341 159
342 15
342 22
342 60
342 190
343 0
343 3
343 10
343 35
344 1
344 15
344 21
344 181
345 12
345 97
345 116
345 231
346 3
346 10
346 22
346 38
347 11
347 12
347 28
347 65
348 17
348 23
348 54
348 230
349 3
349 11
349 46
349 49
350 11
350 29
350 60
350 253
351 12
351 17
351 29
351 120
352 52
352 86
352 204
352 224
353 6
353 52
353 98
353 335
354 2
354 7
354 10
354 180
355 0
355 21
355 23
355 345
356 0
356 10
356 11
356 88
357 0
357 3
357 4
357 30
358 1
358 2
358 27
358 38
359 1
359 2
359 11
359 29
360 0
360 4
360 33
360 52
361 3
361 44
361 194
361 280
362 0
362 22
362 56
362 76
363 0
363 2
363 3
363 182
364 0
364 1
364 3
364 261
365 15
365 37
365 168
365 226
366 7
366 42
366 190
366 288
367 3
367 13
367 26
367 163
368 38
368 40
368 161
368 305
369 4
369 7
369 12
369 23
370 2
370 16
370 52
370 75
371 44
371 109
371 112
371 121
372 2
372 4
372 14
372 74
373 1
373 10
373 46
373 64
374 4
374 36
374 88
374 315
375 0
375 29
375 153
375 226
376 1
376 22
376 113
376 150
377 1
377 3
377 48
377 200
378 4
378 11
378 96
378 144
379 29
379 122
379 129
379 338
380 0
380 3
380 36
380 338
381 2
381 5
381 29
381 172
382 0
382 1
382 7
382 198
383 8
383 33
383 37
383 56
384 1
384 10
384 38
384 264
385 3
385 35
385 191
385 226
386 1
386 10
386 17
386 207
387 3
387 7
387 140
387 207
388 2
388 71
388 150
388 164
389 2
389 4
389 15
389 343
390 3
390 11
390 201
390 263
391 2
391 11
391 29
391 131
392 4
392 35
392 66
392 160
393 3
393 23
393 153
393 334
394 0
394 23
394 203
394 217
395 2
395 38
395 62
395 65
396 11
396 46
396 163
396 307
397 7
397 12
397 23
397 306
398 2
398 3
398 17
398 22
399 0
399 22
399 132
399 177
400 3
400 10
400 12
400 22
401 0
401 68
401 158
401 181
402 31
402 42
402 43
402 60
403 3
403 23
403 69
403 299
404 4
404 11
404 286
404 324
405 1
405 4
405 28
405 29
406 1
406 4
406 11
406 12
407 11
407 12
407 134
407 210
408 0
408 4
408 154
408 163
409 0
409 7
409 28
409 164
410 0
410 29
410 59
410 217
411 12
411 50
411 122
411 335
412 7
412 38
412 46
412 213
413 2
413 10
413 11
413 24
414 10
414 53
414 199
414 219
415 2
415 10
415 109
415 406
416 1
416 4
416 24
416 269
417 0
417 1
417 117
417 289
418 38
418 79
418 188
418 406
419 0
419 3
419 13
419 64
420 2
420 10
420 71
420 108
421 1
421 22
421 42
421 322
422 1
422 12
422 63
422 153
423 3
423 14
423 119
423 280
424 4
424 11
424 22
424 42
425 0
425 10
425 29
425 306
426 1
426 3
426 33
426 96
427 10
427 15
427 164
427 387
428 0
428 4
428 17
428 326
429 14
429 62
429 71
429 191
430 2
430 140
430 206
430 324
431 1
431 4
431 10
431 381
432 0
432 10
432 11
432 17
433 2
433 7
433 40
433 378
434 0
434 4
434 7
434 369
435 0
435 3
435 7
435 89
436 4
436 146
436 179
436 186
437 0
437 3
437 8
437 69
438 2
438 12
438 15
438 324
439 0
439 2
439 4
439 121
440 0
440 4
440 66
440 263
441 0
441 6
441 52
441 61
442 7
442 22
442 44
442 70
443 1
443 4
443 18
443 262
444 1
444 2
444 4
444 47
445 1
445 11
445 71
445 211
446 5
446 11
446 21
446 100
447 53
447 74
447 107
447 361
448 55
448 121
448 396
448 401
449 10
449 16
449 46
449 286
450 1
450 10
450 146
450 279
451 1
451 170
451 360
451 398
452 1
452 3
452 12
452 13
453 4
453 55
453 79
453 399
454 1
454 3
454 71
454 201
455 0
455 10
455 28
455 392
456 35
456 43
456 65
456 154
457 2
457 54
457 119
457 190
458 0
458 1
458 3
458 10
459 10
459 12
459 71
459 107
460 0
460 12
460 39
460 61
461 0
461 15
461 22
461 55
462 4
462 70
462 234
462 339
463 3
463 28
463 68
463 87
464 0
464 19
464 36
464 209
465 1
465 9
465 11
465 106
466 0
466 4
466 22
466 439
467 4
467 38
467 71
467 119
468 1
468 3
468 13
468 269
469 14
469 44
469 167
469 195
470 5
470 7
470 71
470 339
471 2
471 52
471 70
471 107
472 0
472 9
472 52
472 133
473 7
473 172
473 232
473 315
474 2
474 10
474 42
474 335
475 4
475 7
475 46
475 407
476 11
476 13
476 38
476 159
477 1
477 7
477 47
477 206
478 2
478 3
478 11
478 101
479 4
479 10
479 148
479 172
480 4
480 34
480 194
480 261
481 1
481 3
481 56
481 167
482 3
482 47
482 92
482 226
483 0
483 10
483 29
483 398
484 7
484 40
484 74
484 179
485 54
485 60
485 174
485 232
486 1
486 3
486 10
486 375
487 2
487 53
487 217
487 286
488 1
488 29
488 53
488 412
489 17
489 30
489 40
489 89
490 11
490 190
490 248
490 253
491 15
491 133
491 179
491 387
492 1
492 41
492 319
492 439
493 10
493 23
493 131
493 348
494 1
494 2
494 7
494 43
495 1
495 7
495 10
495 322
496 3
496 35
496 188
496 190
497 1
497 3
497 34
497 175
498 3
498 7
498 11
498 18
499 12
499 44
499 68
499 140
500 0
500 11
500 306
500 361
501 2
501 5
501 6
501 178
502 1
502 3
502 74
502 183
503 12
503 66
503 107
503 486
504 4
504 14
504 44
504 377
505 7
505 155
505 199
505 310
506 14
506 17
506 84
506 273
507 1
507 10
507 14
507 407
508 4
508 32
508 180
508 315
509 42
509 142
509 375
509 439
510 1
510 49
510 50
510 122
511 3
511 22
511 36
511 133
512 12
512 56
512 81
512 466
513 4
513 7
513 182
513 335
514 1
514 7
514 10
514 353
515 11
515 35
515 181
515 484
516 1
516 191
516 226
516 453
517 0
517 10
517 53
517 71
518 1
518 3
518 29
518 38
519 0
519 4
519 149
519 198
520 1
520 2
520 11
520 177
521 10
521 22
521 40
521 59
522 1
522 11
522 353
522 412
523 1
523 11
523 17
523 96
524 0
524 2
524 33
524 47
525 1
525 7
525 8
525 292
526 15
526 53
526 358
526 382
527 7
527 10
527 14
527 305
528 0
528 4
528 52
528 432
529 0
529 2
529 11
529 142
530 1
530 2
530 7
530 82
531 1
531 10
531 53
531 55
532 1
532 2
532 11
532 22
533 0
533 3
533 38
533 74
534 7
534 16
534 82
534 210
535 2
535 44
535 217
535 335
536 71
536 149
536 431
536 446
537 3
537 110
537 178
537 305
538 0
538 3
538 55
538 71
539 4
539 7
539 99
539 140
540 12
540 53
540 231
540 287
541 4
541 7
541 36
541 434
542 0
542 11
542 142
542 507
543 10
543 52
543 164
543 249
544 3
544 4
544 21
544 43
545 1
545 17
545 220
545 351
546 3
546 12
546 23
546 452
547 3
547 14
547 135
547 306
548 3
548 11
548 52
548 300
549 25
549 40
549 179
549 339
550 10
550 12
550 59
550 134
551 5
551 71
551 97
551 287
552 3
552 12
552 266
552 402
553 4
553 29
553 40
553 269
554 22
554 47
554 289
554 476
555 2
555 7
555 10
555 439
556 10
556 122
556 149
556 236
557 3
557 11
557 292
557 335
558 1
558 4
558 14
558 53
559 22
559 40
559 65
559 338
560 17
560 79
560 112
560 194
561 3
561 15
561 40
561 434
562 0
562 7
562 23
562 287
563 0
563 3
563 10
563 52
564 4
564 14
564 56
564 201
565 3
565 13
565 49
565 159
566 11
566 28
566 206
566 207
567 1
567 3
567 43
567 253
568 4
568 5
568 16
568 58
569 7
569 76
569 163
569 259
570 0
570 4
570 133
570 543
571 19
571 23
571 181
571 213
572 0
572 1
572 7
572 324
573 12
573 56
573 241
573 459
574 1
574 46
574 439
574 569
575 7
575 12
575 74
575 300
576 0
576 4
576 292
576 302
577 6
577 7
577 43
577 361
578 7
578 93
578 169
578 334
579 1
579 7
579 24
579 61
580 0
580 2
580 4
580 24
581 1
581 60
581 293
581 324
582 1
582 7
582 10
582 65
583 0
583 4
583 12
583 494
584 11
584 53
584 184
584 204
585 1
585 10
585 12
585 44
586 35
586 65
586 191
586 285
587 2
587 11
587 38
587 43
588 2
588 18
588 315
588 324
589 3
589 4
589 12
589 339
590 2
590 7
590 70
590 534
591 2
591 3
591 8
591 142
592 10
592 12
592 29
592 400
593 6
593 35
593 64
593 311
594 11
594 44
594 119
594 148
595 2
595 3
595 7
595 38
596 1
596 11
596 41
596 569
597 0
597 1
597 38
597 286
598 1
598 7
598 22
598 261
599 0
599 10
599 12
599 13
600 3
600 4
600 5
600 53
601 4
601 40
601 70
601 566
602 4
602 7
602 10
602 241
603 0
603 22
603 29
603 352
604 1
604 10
604 45
604 351
605 3
605 7
605 17
605 469
606 7
606 27
606 43
606 179
607 3
607 7
607 14
607 23
608 8
608 79
608 348
608 564
609 1
609 11
609 188
609 598
610 2
610 10
610 53
610 373
611 4
611 10
611 167
611 277
612 1
612 3
612 30
612 142
613 1
613 2
613 3
613 49
614 0
614 7
614 11
614 62
615 1
615 12
615 38
615 66
616 1
616 3
616 15
616 175
617 0
617 7
617 24
617 44
618 0
618 12
618 15
618 484
619 4
619 71
619 109
619 505
620 2
620 22
620 29
620 53
621 0
621 7
621 11
621 82
622 230
622 488
622 581
622 606
623 15
623 226
623 234
623 439
624 12
624 15
624 18
624 546
625 54
625 79
625 201
625 593
626 0
626 3
626 119
626 226
627 7
627 10
627 158
627 221
628 0
628 22
628 38
628 81
629 0
629 8
629 29
629 397
630 12
630 213
630 307
630 439
631 1
631 3
631 74
631 86
632 0
632 7
632 16
632 606
633 0
633 10
633 12
633 443
634 0
634 11
634 38
634 50
635 12
635 29
635 41
635 242
636 4
636 29
636 44
636 60
637 16
637 45
637 61
637 479
638 4
638 22
638 74
638 231
639 10
639 12
639 23
639 534
640 7
640 65
640 507
640 549
641 7
641 11
641 71
641 146
642 41
642 74
642 153
642 286
643 0
643 2
643 3
643 452
644 2
644 11
644 12
644 61
645 0
645 8
645 230
645 399
646 0
646 2
646 7
646 144
647 29
647 122
647 339
647 598
648 2
648 7
648 15
648 61
649 22
649 50
649 64
649 231
650 0
650 7
650 121
650 522
651 0
651 1
651 37
651 209
652 3
652 8
652 29
652 287
653 2
653 42
653 108
653 602
654 3
654 4
654 7
654 60
655 29
655 39
655 54
655 486
656 0
656 7
656 61
656 345
657 1
657 21
657 61
657 434
658 4
658 15
658 61
658 395
659 0
659 1
659 7
659 484
660 1
660 11
660 23
660 47
661 3
661 4
661 13
661 60
662 0
662 43
662 305
662 346
663 0
663 154
663 186
663 552
664 0
664 3
664 15
664 38
665 0
665 11
665 12
665 14
666 3
666 7
666 17
666 45
667 47
667 104
667 280
667 300
668 0
668 11
668 35
668 227
669 0
669 1
669 3
669 275
670 17
670 35
670 76
670 200
671 35
671 40
671 68
671 381
672 3
672 11
672 98
672 617
673 3
673 4
673 23
673 211
674 0
674 7
674 14
674 24
675 19
675 53
675 62
675 65
676 0
676 1
676 64
676 481
677 3
677 40
677 142
677 205
678 11
678 79
678 175
678 394
679 10
679 12
679 122
679 638
680 1
680 46
680 61
680 616
681 4
681 17
681 50
681 388
682 46
682 47
682 54
682 214
683 1
683 107
683 323
683 369
684 0
684 2
684 56
684 96
685 4
685 29
685 40
685 55
686 2
686 4
686 56
686 231
687 1
687 10
687 38
687 315
688 7
688 10
688 135
688 203
689 7
689 11
689 486
689 542
690 13
690 64
690 382
690 505
691 3
691 22
691 96
691 569
692 29
692 38
692 76
692 638
693 22
693 167
693 231
693 431
694 17
694 42
694 279
694 682
695 3
695 7
695 66
695 266
696 0
696 10
696 23
696 29
697 3
697 22
697 315
697 517
698 0
698 37
698 523
698 627
699 0
699 6
699 7
699 17
700 5
700 14
700 107
700 269
701 1
701 47
701 56
701 60
702 9
702 36
702 66
702 525
703 2
703 4
703 98
703 267
704 2
704 3
704 12
704 396
705 0
705 2
705 121
705 608
706 1
706 4
706 128
706 464
707 0
707 1
707 2
707 207
708 23
708 81
708 142
708 527
709 71
709 164
709 342
709 654
710 3
710 4
710 7
710 34
711 1
711 3
711 300
711 574
712 2
712 3
712 154
712 569
713 4
713 15
713 29
713 109
714 0
714 1
714 47
714 117
715 0
715 4
715 7
715 10
716 4
716 76
716 93
716 143
717 3
717 10
717 14
717 552
718 1
718 2
718 4
718 65
719 8
719 231
719 270
719 362
720 2
720 14
720 28
720 335
721 34
721 46
721 232
721 656
722 4
722 7
722 29
722 35
723 4
723 45
723 56
723 106
724 1
724 3
724 22
724 33
725 2
725 12
725 59
725 65
726 1
726 4
726 11
726 289
727 0
727 1
727 2
727 320
728 7
728 14
728 179
728 552
729 10
729 11
729 182
729 528
730 4
730 55
730 159
730 523
731 11
731 169
731 322
731 431
732 3
732 23
732 44
732 173
733 320
733 355
733 602
733 683
734 1
734 15
734 107
734 366
735 0
735 1
735 574
735 589
736 3
736 5
736 11
736 345
737 7
737 11
737 17
737 44
738 3
738 28
738 172
738 511
739 0
739 22
739 31
739 154
740 1
740 7
740 174
740 717
741 37
741 286
741 638
741 659
742 3
742 7
742 36
742 179
743 1
743 2
743 4
743 153
744 0
744 156
744 219
744 290
745 3
745 4
745 7
745 12
746 0
746 1
746 7
746 97
747 0
747 11
747 44
747 263
748 4
748 7
748 30
748 36
749 2
749 22
749 392
749 501
750 2
750 11
750 62
750 650
751 1
751 2
751 25
751 226
752 2
752 10
752 62
752 421
753 3
753 5
753 10
753 609
754 3
754 17
754 355
754 598
755 0
755 100
755 315
755 426
756 3
756 4
756 12
756 387
757 1
757 22
757 46
757 81
758 2
758 4
758 14
758 96
759 0
759 50
759 150
759 180
760 8
760 58
760 188
760 206
761 11
761 76
761 159
761 263
762 4
762 29
762 41
762 62
763 1
763 12
763 74
763 367
764 12
764 23
764 65
764 711
765 45
765 56
765 552
765 654
766 10
766 12
766 42
766 332
767 7
767 10
767 133
767 265
768 28
768 44
768 88
768 477
769 10
769 299
769 332
769 353
770 3
770 11
770 38
770 188
771 1
771 4
771 258
771 464
772 2
772 3
772 98
772 253
773 40
773 205
773 494
773 525
774 18
774 22
774 175
774 194
775 13
775 30
775 65
775 673
776 3
776 22
776 24
776 60
777 4
777 47
777 140
777 230
778 1
778 11
778 23
778 251
779 3
779 34
779 220
779 480
780 0
780 11
780 38
780 355
781 2
781 42
781 140
781 261
782 13
782 44
782 46
782 62
783 1
783 3
783 4
783 7
784 2
784 60
784 93
784 517
785 7
785 56
785 353
785 404
786 7
786 10
786 386
786 631
787 1
787 110
787 146
787 154
788 15
788 44
788 207
788 781
789 0
789 17
789 269
789 439
790 1
790 4
790 54
790 423
791 16
791 122
791 234
791 693
792 7
792 9
792 55
792 280
793 0
793 1
793 439
793 539
794 11
794 23
794 100
794 447
795 10
795 49
795 175
795 186
796 1
796 3
796 29
796 637
797 0
797 60
797 146
797 285
798 0
798 98
798 200
798 249
799 3
799 47
799 55
799 201
800 1
800 2
800 13
800 19
801 7
801 11
801 30
801 383
802 20
802 23
802 45
802 317
803 0
803 39
803 53
803 91
804 2
804 94
804 273
804 311
805 4
805 22
805 49
805 447
806 7
806 12
806 38
806 56
807 4
807 38
807 44
807 574
808 4
808 7
808 97
808 758
809 0
809 2
809 154
809 280
810 3
810 48
810 335
810 747
811 4
811 7
811 107
811 201
812 9
812 15
812 136
812 269
813 0
813 4
813 426
813 427
814 14
814 604
814 606
814 656
815 2
815 11
815 280
815 629
816 22
816 38
816 286
816 301
817 1
817 43
817 59
817 629
818 10
818 172
818 431
818 797
819 54
819 57
819 569
819 579
820 0
820 2
820 11
820 20
821 0
821 12
821 351
821 648
822 2
822 3
822 29
822 321
823 4
823 11
823 330
823 784
824 57
824 74
824 394
824 583
825 0
825 11
825 325
825 439
826 2
826 66
826 88
826 305
827 3
827 41
827 60
827 185
828 17
828 52
828 241
828 472
829 2
829 38
829 556
829 675
830 12
830 132
830 307
830 753
831 1
831 2
831 10
831 19
832 2
832 3
832 10
832 421
833 29
833 66
833 217
833 439
834 51
834 92
834 292
834 747
835 1
835 2
835 3
835 5
836 22
836 113
836 263
836 293
837 3
837 53
837 179
837 234
838 2
838 4
838 6
838 114
839 0
839 5
839 66
839 71
840 3
840 7
840 17
840 377
841 0
841 22
841 68
841 793
842 3
842 24
842 519
842 539
843 7
843 29
843 52
843 99
844 23
844 55
844 127
844 501
845 4
845 40
845 61
845 219
846 22
846 61
846 272
846 392
847 0
847 3
847 7
847 713
848 3
848 10
848 11
848 28
849 1
849 3
849 33
849 339
850 2
850 42
850 88
850 133
851 0
851 3
851 7
851 55
852 0
852 2
852 44
852 306
853 1
853 3
853 44
853 100
854 0
854 25
854 188
854 794
855 1
855 11
855 12
855 74
856 1
856 17
856 29
856 53
857 2
857 25
857 55
857 65
858 1
858 17
858 230
858 511
859 0
859 3
859 53
859 593
860 0
860 4
860 10
860 234
861 0
861 3
861 6
861 12
862 0
862 11
862 24
862 157
863 23
863 40
863 148
863 688
864 1
864 55
864 257
864 322
865 2
865 4
865 542
865 832
866 0
866 4
866 10
866 754
867 3
867 10
867 45
867 234
868 195
868 239
868 268
868 596
869 1
869 2
869 219
869 386
870 11
870 12
870 93
870 541
871 3
871 6
871 14
871 39
872 1
872 11
872 17
872 201
873 2
873 15
873 47
873 494
874 7
874 23
874 186
874 543
875 10
875 19
875 41
875 271
876 1
876 11
876 24
876 300
877 1
877 4
877 7
877 12
878 1
878 14
878 194
878 361
879 3
879 74
879 79
879 226
880 0
880 10
880 11
880 150
881 11
881 59
881 133
881 362
882 1
882 2
882 40
882 421
883 0
883 2
883 34
883 139
884 12
884 59
884 221
884 435
885 3
885 253
885 300
885 569
886 0
886 1
886 598
886 856
887 11
887 42
887 432
887 791
888 0
888 60
888 258
888 382
889 11
889 19
889 60
889 119
890 7
890 17
890 263
890 569
891 2
891 92
891 210
891 582
892 10
892 12
892 109
892 811
893 0
893 17
893 797
893 856
894 1
894 23
894 65
894 69
895 0
895 23
895 572
895 821
896 7
896 11
896 145
896 400
897 2
897 29
897 107
897 641
898 8
898 10
898 11
898 164
899 11
899 13
899 61
899 252
900 1
900 12
900 100
900 481
901 41
901 46
901 253
901 351
902 4
902 11
902 27
902 55
903 1
903 4
903 11
903 154
904 0
904 4
904 44
904 287
905 14
905 232
905 290
905 403
906 16
906 19
906 51
906 338
907 0
907 1
907 33
907 53
908 10
908 22
908 29
908 522
909 2
909 35
909 435
909 585
910 0
910 11
910 63
910 121
911 65
911 67
911 399
911 457
912 22
912 55
912 165
912 476
913 10
913 38
913 105
913 557
914 139
914 253
914 495
914 743
915 0
915 33
915 302
915 541
916 10
916 321
916 406
916 538
917 4
917 70
917 337
917 867
918 4
918 40
918 42
918 207
919 2
919 7
919 142
919 324
920 0
920 6
920 326
920 539
921 74
921 150
921 364
921 593
922 3
922 7
922 159
922 730
923 1
923 9
923 17
923 315
924 7
924 10
924 147
924 257
925 0
925 1
925 8
925 108
926 2
926 12
926 53
926 292
927 10
927 59
927 81
927 395
928 3
928 15
928 42
928 136
929 1
929 2
929 5
929 287
930 0
930 8
930 205
930 272
931 1
931 3
931 386
931 628
932 2
932 4
932 29
932 387
933 3
933 6
933 7
933 11
934 1
934 10
934 43
934 519
935 4
935 10
935 22
935 41
936 9
936 38
936 53
936 867
937 1
937 122
937 224
937 797
938 3
938 71
938 213
938 447
939 2
939 4
939 38
939 56
940 44
940 60
940 207
940 361
941 0
941 2
941 67
941 108
942 0
942 23
942 53
942 370
943 1
943 2
943 106
943 280
944 1
944 23
944 47
944 67
945 10
945 49
945 204
945 529
946 9
946 49
946 66
946 154
947 59
947 188
947 301
947 488
948 6
948 12
948 66
948 236
949 7
949 17
949 709
949 912
950 0
950 12
950 42
950 473
951 0
951 2
951 40
951 231
952 0
952 2
952 10
952 35
953 3
953 29
953 378
953 842
954 3
954 60
954 325
954 435
955 0
955 11
955 38
955 55
956 8
956 255
956 322
956 629
957 54
957 140
957 574
957 878
958 1
958 7
958 66
958 460
959 0
959 2
959 11
959 213
960 2
960 40
960 194
960 527
961 0
961 53
961 339
961 946
962 0
962 65
962 201
962 334
963 0
963 5
963 6
963 56
964 1
964 3
964 11
964 460
965 0
965 22
965 258
965 289
966 0
966 3
966 12
966 172
967 4
967 22
967 81
967 807
968 0
968 1
968 8
968 29
969 10
969 52
969 227
969 532
970 10
970 12
970 517
970 741
971 7
971 22
971 253
971 948
972 33
972 42
972 56
972 679
973 4
973 121
973 182
973 317
974 334
974 539
974 647
974 706
975 3
975 71
975 302
975 324
976 0
976 4
976 7
976 58
977 40
977 121
977 217
977 850
978 3
978 25
978 200
978 440
979 7
979 56
979 116
979 344
980 3
980 15
980 52
980 241
981 10
981 63
981 217
981 248
982 4
982 363
982 427
982 569
983 1
983 24
983 846
983 950
984 1
984 2
984 10
984 17
985 0
985 4
985 22
985 226
986 5
986 56
986 71
986 224
987 1
987 2
987 334
987 602
988 3
988 15
988 17
988 63
989 232
989 335
989 797
989 850
990 0
990 3
990 7
990 122
991 4
991 64
991 239
991 324
992 3
992 10
992 19
992 22
993 0
993 11
993 40
993 781
994 104
994 176
994 859
994 928
995 2
995 59
995 370
995 481
996 10
996 201
996 401
996 513
997 10
997 108
997 133
997 353
998 2
998 22
998 55
998 712
999 0
999 163
999 292
999 342
