1 0
2 0
2 1
3 0
3 2
4 0
4 3
5 0
5 3
6 2
6 5
7 2
7 3
8 1
8 2
9 0
9 1
10 5
10 6
11 1
11 5
12 2
12 6
13 7
13 11
14 5
14 6
15 0
15 12
16 2
16 6
17 1
17 5
18 1
18 5
19 5
19 7
20 1
20 2
21 5
21 14
22 1
22 2
23 5
23 6
24 1
24 2
25 1
25 7
26 1
26 6
27 1
27 2
28 14
28 18
29 0
29 1
30 2
30 6
31 0
31 2
32 14
32 18
33 6
33 20
34 0
34 6
35 1
35 7
36 8
36 16
37 0
37 5
38 2
38 31
39 1
39 37
40 2
40 3
41 7
41 31
42 18
42 31
43 5
43 6
44 0
44 6
45 3
45 6
46 7
46 29
47 13
47 18
48 2
48 7
49 0
49 12
50 1
50 5
51 2
51 6
52 8
52 11
53 1
53 2
54 1
54 5
55 5
55 40
56 3
56 6
57 1
57 2
58 1
58 18
59 0
59 7
60 5
60 42
61 2
61 19
62 1
62 2
63 2
63 21
64 7
64 41
65 1
65 31
66 12
66 18
67 6
67 14
68 0
68 3
69 0
69 1
70 12
70 31
71 6
71 16
72 0
72 5
73 32
73 38
74 2
74 12
75 0
75 39
76 50
76 60
77 6
77 64
78 5
78 64
79 1
79 75
80 14
80 31
81 38
81 76
82 7
82 77
83 1
83 55
84 39
84 50
85 1
85 48
86 2
86 78
87 0
87 76
88 1
88 5
89 29
89 31
90 5
90 72
91 1
91 65
92 1
92 87
93 31
93 56
94 6
94 50
95 0
95 31
96 1
96 14
97 14
97 21
98 8
98 31
99 2
99 7
100 0
100 1
101 39
101 56
102 6
102 21
103 0
103 59
104 14
104 18
105 2
105 14
106 39
106 64
107 1
107 6
108 2
108 38
109 1
109 11
110 1
110 46
111 5
111 6
112 6
112 8
113 5
113 57
114 1
114 32
115 0
115 18
116 11
116 18
117 31
117 108
118 12
118 50
119 6
119 72
120 6
120 64
121 6
121 18
122 22
122 59
123 1
123 2
124 1
124 25
125 0
125 1
126 1
126 2
127 2
127 108
128 18
128 111
129 21
129 31
130 82
130 129
131 1
131 36
132 1
132 8
133 1
133 64
134 6
134 32
135 1
135 6
136 0
136 104
137 39
137 91
138 124
138 133
139 37
139 56
140 5
140 12
141 1
141 52
142 0
142 61
143 29
143 128
144 32
144 100
145 5
145 36
146 1
146 6
147 7
147 129
148 6
148 68
149 44
149 87
150 2
150 5
151 5
151 25
152 7
152 39
153 1
153 2
154 62
154 112
155 52
155 104
156 1
156 7
157 5
157 11
158 34
158 134
159 57
159 72
160 2
160 19
161 1
161 6
162 21
162 41
163 5
163 144
164 14
164 100
165 2
165 128
166 6
166 48
167 1
167 152
168 18
168 22
169 5
169 7
170 1
170 31
171 1
171 113
172 1
172 55
173 2
173 169
174 1
174 6
175 2
175 57
176 5
176 46
177 1
177 38
178 6
178 133
179 2
179 40
180 17
180 73
181 22
181 99
182 7
182 64
183 114
183 127
184 3
184 167
185 37
185 48
186 46
186 128
187 0
187 1
188 1
188 32
189 32
189 111
190 5
190 8
191 2
191 165
192 18
192 107
193 1
193 64
194 19
194 71
195 1
195 45
196 6
196 119
197 1
197 56
198 6
198 19
199 6
199 107
200 1
200 38
201 5
201 74
202 11
202 14
203 64
203 167
204 51
204 84
205 7
205 10
206 1
206 12
207 0
207 8
208 1
208 11
209 6
209 7
210 1
210 97
211 1
211 2
212 112
212 164
213 7
213 200
214 2
214 18
215 18
215 31
216 1
216 2
217 1
217 5
218 36
218 98
219 2
219 11
220 7
220 193
221 13
221 107
222 1
222 193
223 3
223 72
224 0
224 2
225 2
225 6
226 2
226 29
227 47
227 72
228 5
228 128
229 2
229 67
230 136
230 158
231 3
231 18
232 12
232 14
233 38
233 97
234 7
234 128
235 6
235 128
236 0
236 6
237 5
237 169
238 2
238 83
239 5
239 57
240 101
240 204
241 5
241 112
242 5
242 64
243 38
243 55
244 62
244 82
245 18
245 31
246 12
246 38
247 31
247 204
248 0
248 11
249 104
249 128
250 18
250 61
251 1
251 7
252 2
252 137
253 14
253 131
254 0
254 7
255 37
255 219
256 14
256 72
257 5
257 24
258 14
258 46
259 0
259 245
260 37
260 61
261 0
261 107
262 0
262 2
263 1
263 74
264 5
264 39
265 7
265 57
266 20
266 163
267 6
267 118
268 31
268 38
269 14
269 233
270 2
270 7
271 6
271 155
272 40
272 53
273 116
273 128
274 82
274 266
275 6
275 99
276 11
276 76
277 2
277 160
278 107
278 129
279 7
279 14
280 1
280 153
281 2
281 89
282 40
282 170
283 5
283 32
284 40
284 127
285 103
285 136
286 46
286 130
287 1
287 246
288 2
288 5
289 7
289 130
290 6
290 52
291 0
291 182
292 4
292 32
293 5
293 104
294 25
294 43
295 149
295 240
296 0
296 2
297 7
297 65
298 19
298 219
299 8
299 259
300 1
300 2
301 14
301 93
302 31
302 162
303 251
303 267
304 7
304 279
305 57
305 124
306 5
306 103
307 1
307 2
308 11
308 97
309 2
309 18
310 2
310 91
311 1
311 20
312 1
312 132
313 3
313 11
314 1
314 144
315 1
315 14
316 2
316 32
317 5
317 14
318 1
318 6
319 104
319 316
320 1
320 12
321 12
321 100
322 56
322 182
323 128
323 170
324 7
324 273
325 19
325 31
326 127
326 296
327 56
327 64
328 5
328 174
329 25
329 85
330 61
330 303
331 3
331 228
332 129
332 224
333 1
333 20
334 18
334 262
335 5
335 111
336 24
336 93
337 18
337 84
338 82
338 193
339 1
339 18
340 32
340 247
341 0
341 83
342 87
342 301
343 1
343 7
344 6
344 131
345 2
345 124
346 0
346 3
347 5
347 31
348 1
348 5
349 107
349 252
350 7
350 335
351 62
351 219
352 207
352 263
353 0
353 240
354 128
354 300
355 19
355 259
356 25
356 31
357 0
357 33
358 2
358 7
359 301
359 316
360 5
360 6
361 194
361 251
362 5
362 222
363 232
363 279
364 0
364 178
365 2
365 71
366 64
366 333
367 2
367 18
368 73
368 322
369 0
369 111
370 1
370 2
371 5
371 84
372 2
372 18
373 15
373 262
374 1
374 6
375 64
375 307
376 18
376 64
377 30
377 72
378 2
378 38
379 38
379 169
380 2
380 39
381 31
381 206
382 7
382 197
383 145
383 277
384 0
384 2
385 111
385 365
386 0
386 190
387 3
387 354
388 116
388 361
389 1
389 163
390 6
390 22
391 11
391 288
392 87
392 196
393 9
393 67
394 2
394 82
395 56
395 331
396 2
396 76
397 7
397 99
398 190
398 388
399 8
399 38
400 6
400 44
401 6
401 107
402 56
402 97
403 196
403 247
404 2
404 6
405 24
405 298
406 57
406 379
407 22
407 152
408 1
408 62
409 56
409 62
410 1
410 11
411 6
411 365
412 20
412 48
413 37
413 305
414 1
414 333
415 11
415 61
416 7
416 377
417 5
417 14
418 146
418 330
419 6
419 50
420 1
420 2
421 14
421 305
422 1
422 35
423 6
423 403
424 59
424 339
425 72
425 298
426 1
426 406
427 1
427 5
428 5
428 128
429 5
429 14
430 137
430 204
431 1
431 2
432 11
432 169
433 5
433 18
434 40
434 178
435 0
435 56
436 127
436 410
437 18
437 44
438 0
438 2
439 5
439 99
440 1
440 11
441 6
441 19
442 1
442 308
443 5
443 29
444 5
444 31
445 56
445 101
446 2
446 29
447 1
447 243
448 38
448 234
449 153
449 375
450 38
450 277
451 2
451 37
452 11
452 129
453 150
453 173
454 57
454 65
455 14
455 326
456 100
456 420
457 0
457 6
458 2
458 41
459 262
459 331
460 48
460 100
461 2
461 121
462 1
462 29
463 18
463 118
464 0
464 25
465 37
465 107
466 14
466 18
467 214
467 320
468 133
468 250
469 277
469 450
470 6
470 410
471 6
471 18
472 146
472 413
473 5
473 12
474 0
474 13
475 130
475 170
476 39
476 422
477 2
477 308
478 12
478 32
479 2
479 31
480 31
480 112
481 6
481 234
482 166
482 194
483 12
483 303
484 64
484 390
485 5
485 197
486 91
486 163
487 64
487 167
488 7
488 55
489 55
489 403
490 2
490 11
491 2
491 262
492 124
492 225
493 1
493 380
494 31
494 262
495 0
495 14
496 127
496 323
497 7
497 14
498 1
498 45
499 65
499 198
500 7
500 101
501 7
501 97
502 57
502 115
503 0
503 225
504 5
504 92
505 2
505 462
506 107
506 247
507 1
507 41
508 2
508 339
509 31
509 87
510 49
510 127
511 0
511 1
512 11
512 341
513 5
513 7
514 65
514 133
515 40
515 97
516 161
516 250
517 57
517 247
518 8
518 284
519 5
519 378
520 39
520 73
521 13
521 128
522 1
522 397
523 134
523 492
524 262
524 410
525 73
525 435
526 6
526 111
527 1
527 45
528 2
528 31
529 11
529 84
530 5
530 111
531 73
531 182
532 39
532 252
533 6
533 132
534 5
534 390
535 7
535 101
536 22
536 468
537 41
537 128
538 132
538 340
539 188
539 190
540 5
540 52
541 93
541 130
542 0
542 132
543 2
543 480
544 18
544 316
545 14
545 32
546 2
546 468
547 5
547 162
548 6
548 396
549 57
549 100
550 1
550 32
551 5
551 124
552 5
552 6
553 6
553 154
554 404
554 447
555 132
555 480
556 18
556 178
557 128
557 132
558 115
558 548
559 1
559 495
560 2
560 39
561 170
561 305
562 28
562 50
563 1
563 7
564 18
564 262
565 5
565 65
566 2
566 25
567 207
567 435
568 1
568 56
569 7
569 388
570 369
570 372
571 6
571 25
572 18
572 55
573 2
573 51
574 64
574 160
575 1
575 397
576 0
576 533
577 332
577 366
578 5
578 18
579 18
579 413
580 19
580 50
581 61
581 128
582 2
582 162
583 292
583 301
584 73
584 566
585 18
585 64
586 319
586 330
587 1
587 61
588 5
588 14
589 267
589 345
590 31
590 236
591 5
591 468
592 360
592 410
593 300
593 427
594 2
594 396
595 182
595 543
596 163
596 357
597 91
597 511
598 14
598 189
599 132
599 329
600 1
600 11
601 1
601 330
602 13
602 310
603 5
603 6
604 31
604 525
605 6
605 539
606 3
606 89
607 30
607 31
608 97
608 440
609 267
609 397
610 18
610 512
611 160
611 285
612 64
612 87
613 257
613 547
614 197
614 450
615 443
615 530
616 2
616 211
617 1
617 197
618 56
618 368
619 2
619 525
620 7
620 240
621 44
621 349
622 5
622 38
623 1
623 50
624 182
624 324
625 228
625 311
626 2
626 544
627 1
627 611
628 0
628 128
629 207
629 495
630 5
630 526
631 251
631 280
632 45
632 111
633 18
633 78
634 62
634 503
635 2
635 533
636 2
636 5
637 5
637 38
638 113
638 327
639 6
639 388
640 38
640 75
641 7
641 521
642 0
642 1
643 20
643 530
644 2
644 61
645 1
645 87
646 1
646 6
647 4
647 56
648 11
648 128
649 112
649 243
650 12
650 18
651 132
651 139
652 43
652 113
653 6
653 38
654 485
654 559
655 5
655 24
656 240
656 243
657 51
657 427
658 21
658 410
659 3
659 73
660 12
660 608
661 21
661 177
662 15
662 364
663 210
663 228
664 115
664 173
665 1
665 6
666 195
666 330
667 2
667 357
668 0
668 111
669 7
669 258
670 1
670 189
671 182
671 397
672 32
672 72
673 6
673 75
674 64
674 90
675 0
675 5
676 1
676 40
677 2
677 146
678 18
678 200
679 1
679 40
680 163
680 209
681 2
681 59
682 0
682 7
683 52
683 585
684 541
684 599
685 5
685 18
686 5
686 24
687 1
687 11
688 0
688 7
689 170
689 173
690 6
690 514
691 83
691 273
692 1
692 2
693 279
693 333
694 6
694 514
695 5
695 14
696 14
696 127
697 449
697 539
698 64
698 335
699 1
699 5
700 1
700 19
701 45
701 316
702 107
702 212
703 1
703 347
704 95
704 354
705 2
705 224
706 173
706 384
707 46
707 259
708 156
708 456
709 6
709 247
710 73
710 162
711 71
711 681
712 41
712 608
713 155
713 170
714 1
714 19
715 2
715 114
716 118
716 155
717 38
717 78
718 2
718 301
719 6
719 19
720 156
720 717
721 37
721 401
722 234
722 313
723 31
723 189
724 1
724 469
725 53
725 55
726 53
726 384
727 5
727 192
728 2
728 6
729 6
729 254
730 314
730 468
731 295
731 540
732 5
732 330
733 38
733 623
734 126
734 327
735 5
735 222
736 1
736 132
737 2
737 365
738 0
738 504
739 39
739 507
740 77
740 99
741 3
741 574
742 7
742 193
743 173
743 279
744 65
744 73
745 453
745 460
746 91
746 133
747 0
747 6
748 5
748 51
749 7
749 19
750 15
750 73
751 1
751 267
752 31
752 326
753 365
753 410
754 193
754 397
755 322
755 449
756 365
756 495
757 12
757 228
758 294
758 448
759 337
759 364
760 18
760 39
761 0
761 503
762 2
762 373
763 6
763 254
764 39
764 425
765 0
765 168
766 349
766 431
767 56
767 75
768 6
768 456
769 1
769 487
770 1
770 2
771 153
771 710
772 6
772 219
773 1
773 421
774 71
774 472
775 2
775 18
776 12
776 20
777 5
777 290
778 31
778 603
779 1
779 235
780 3
780 6
781 7
781 95
782 5
782 495
783 18
783 551
784 173
784 258
785 272
785 639
786 38
786 460
787 13
787 271
788 267
788 357
789 40
789 619
790 14
790 515
791 14
791 710
792 5
792 111
793 327
793 689
794 2
794 764
795 6
795 342
796 39
796 405
797 25
797 50
798 561
798 645
799 82
799 118
800 50
800 604
801 13
801 18
802 7
802 14
803 7
803 104
804 20
804 304
805 574
805 743
806 137
806 282
807 11
807 450
808 137
808 440
809 6
809 7
810 6
810 298
811 590
811 620
812 50
812 91
813 1
813 611
814 37
814 73
815 1
815 5
816 2
816 5
817 20
817 714
818 21
818 416
819 172
819 308
820 1
820 259
821 2
821 316
822 137
822 323
823 5
823 704
824 12
824 366
825 252
825 508
826 11
826 346
827 20
827 97
828 39
828 413
829 12
829 689
830 5
830 6
831 50
831 700
832 14
832 137
833 259
833 765
834 2
834 18
835 29
835 38
836 12
836 56
837 0
837 330
838 419
838 727
839 5
839 107
840 82
840 563
841 294
841 514
842 6
842 689
843 37
843 713
844 200
844 824
845 190
845 230
846 159
846 287
847 3
847 40
848 6
848 367
849 0
849 439
850 308
850 427
851 6
851 228
852 0
852 1
853 2
853 443
854 1
854 16
855 1
855 118
856 18
856 469
857 56
857 396
858 290
858 466
859 59
859 99
860 1
860 585
861 3
861 100
862 18
862 38
863 119
863 172
864 1
864 22
865 71
865 315
866 1
866 16
867 521
867 652
868 2
868 222
869 21
869 704
870 2
870 19
871 5
871 111
872 56
872 669
873 6
873 362
874 0
874 64
875 3
875 602
876 5
876 7
877 5
877 301
878 6
878 285
879 12
879 303
880 6
880 62
881 55
881 156
882 1
882 627
883 76
883 604
884 5
884 508
885 12
885 74
886 53
886 618
887 59
887 131
888 6
888 56
889 219
889 532
890 5
890 273
891 228
891 375
892 579
892 883
893 0
893 3
894 6
894 38
895 6
895 279
896 93
896 423
897 5
897 808
898 109
898 723
899 5
899 355
900 12
900 31
901 0
901 151
902 5
902 167
903 5
903 45
904 273
904 689
905 98
905 511
906 1
906 541
907 111
907 316
908 14
908 38
909 5
909 61
910 342
910 653
911 39
911 722
912 73
912 598
913 568
913 602
914 50
914 233
915 7
915 104
916 349
916 468
917 322
917 622
918 52
918 423
919 128
919 739
920 64
920 333
921 64
921 153
922 38
922 584
923 1
923 236
924 2
924 22
925 11
925 25
926 5
926 65
927 1
927 355
928 2
928 776
929 6
929 109
930 0
930 5
931 12
931 28
932 137
932 295
933 5
933 374
934 132
934 434
935 2
935 345
936 1
936 31
937 341
937 380
938 7
938 14
939 0
939 64
940 97
940 447
941 11
941 450
942 45
942 62
943 33
943 131
944 7
944 168
945 2
945 566
946 1
946 470
947 50
947 332
948 83
948 873
949 189
949 548
950 152
950 738
951 7
951 250
952 7
952 75
953 34
953 736
954 0
954 18
955 107
955 118
956 32
956 422
957 61
957 130
958 1
958 24
959 129
959 581
960 1
960 568
961 689
961 948
962 466
962 471
963 5
963 697
964 1
964 18
965 316
965 793
966 190
966 781
967 38
967 323
968 36
968 404
969 74
969 389
970 87
970 197
971 144
971 196
972 2
972 31
973 177
973 449
974 7
974 20
975 7
975 444
976 193
976 760
977 21
977 32
978 1
978 118
979 0
979 14
980 45
980 902
981 1
981 31
982 2
982 329
983 19
983 681
984 5
984 11
985 46
985 357
986 495
986 662
987 1
987 2
988 324
988 737
989 74
989 796
990 31
990 917
991 0
991 1
992 14
992 879
993 5
993 83
994 173
994 345
995 31
995 115
996 18
996 119
997 18
997 206
998 1
998 733
999 5
999 11
