0 150
0 653
0 656
0 771
0 781
0 913
1 18
1 106
1 109
1 436
1 616
1 708
1 806
2 10
2 171
2 339
2 352
2 420
2 547
3 44
3 100
3 243
3 284
3 356
3 439
3 585
3 694
3 774
3 799
5 102
5 139
5 222
5 236
5 291
5 292
5 646
5 748
6 64
6 176
6 269
6 485
6 610
6 651
6 821
6 846
6 880
6 901
6 923
6 981
7 28
7 130
7 190
7 251
7 315
7 855
7 905
8 136
8 177
8 193
8 616
8 683
8 818
9 33
9 34
9 48
9 116
9 296
9 340
9 382
9 413
9 544
9 603
9 769
9 800
9 829
9 886
10 53
10 470
10 544
10 806
10 871
10 929
11 45
11 194
11 222
11 239
11 388
11 674
11 717
11 723
11 760
11 784
11 801
11 878
11 963
12 82
12 148
12 557
12 628
12 652
12 868
13 163
13 230
13 274
13 747
13 881
14 29
14 38
14 170
14 254
14 548
14 783
14 825
15 175
15 316
15 324
15 344
15 484
15 688
15 894
15 919
15 923
16 263
16 339
16 544
16 613
16 614
16 823
16 990
17 67
17 119
17 240
17 351
17 442
17 527
17 539
17 724
18 214
18 237
18 312
18 527
18 580
18 742
18 751
18 845
18 967
19 23
19 141
19 209
19 254
19 310
19 718
19 777
20 98
20 173
20 304
20 334
20 691
20 695
20 697
20 703
20 775
21 38
21 290
21 484
21 642
21 722
21 732
21 757
21 762
21 795
21 868
21 945
22 71
22 174
22 262
22 681
22 683
22 744
22 921
22 940
23 24
23 83
23 155
23 339
23 436
24 263
24 277
24 340
24 367
24 395
24 584
24 739
24 810
24 909
25 46
25 57
25 153
25 335
25 380
25 413
25 519
26 170
26 433
26 439
26 577
26 598
26 852
26 872
26 905
26 937
27 162
27 227
27 299
27 342
27 422
27 517
27 518
27 564
27 916
28 59
28 144
28 201
28 218
28 295
28 323
28 360
28 372
28 508
28 532
28 725
28 770
29 60
29 382
29 416
29 704
29 716
29 988
30 180
30 251
30 278
30 439
30 458
30 663
30 834
31 62
31 67
31 114
31 263
31 369
31 705
31 808
31 911
31 943
32 39
32 56
32 60
32 192
32 233
32 313
32 467
32 586
32 711
32 762
32 809
32 818
33 71
33 121
33 152
33 179
33 228
33 281
33 284
33 462
33 766
33 808
34 158
34 305
34 475
34 545
34 576
34 827
34 983
34 989
35 213
35 219
35 249
35 250
35 281
35 741
36 220
36 392
36 403
36 427
36 529
36 621
37 87
37 120
37 129
37 148
37 224
37 307
37 319
37 338
37 348
37 703
38 162
38 165
38 416
38 627
38 786
38 870
39 47
39 188
39 622
39 667
39 718
39 748
39 821
39 941
40 45
40 83
40 132
40 224
40 248
40 314
40 759
40 920
41 47
41 56
41 137
41 162
41 413
41 592
41 647
41 768
41 991
42 161
42 274
42 348
42 402
42 493
42 497
42 718
42 860
42 876
43 48
43 131
43 228
43 367
43 434
43 679
43 777
43 816
43 841
43 943
44 86
44 95
44 350
44 590
44 618
44 764
44 781
44 788
44 876
44 916
45 65
45 83
45 89
45 153
45 187
45 220
45 529
45 743
46 300
46 351
46 428
46 431
46 571
46 780
46 890
46 893
47 51
47 187
47 262
47 399
47 512
47 623
47 648
47 688
47 703
47 784
48 93
48 98
48 164
48 169
48 173
48 186
48 390
48 395
48 471
48 760
48 800
48 969
49 248
49 311
49 325
49 638
49 873
50 276
50 335
50 505
50 719
50 892
50 910
51 73
51 558
51 585
51 627
51 728
51 738
51 786
51 920
52 55
52 258
52 408
52 433
52 458
52 479
52 951
53 67
53 75
53 102
53 380
53 462
53 680
53 776
53 926
54 135
54 260
54 330
54 337
54 338
54 457
54 687
54 753
55 114
55 145
55 725
56 207
56 246
56 416
56 557
56 615
56 758
56 870
56 950
56 986
57 110
57 113
57 246
57 386
57 423
57 692
57 713
57 943
58 251
58 386
58 406
58 427
58 468
58 495
58 716
58 726
58 761
58 960
59 61
59 77
59 163
59 282
59 535
59 682
59 780
59 938
59 947
60 78
60 291
60 521
60 655
60 694
60 959
61 236
61 240
61 505
61 816
61 823
61 854
61 999
62 108
62 139
62 233
62 435
62 542
62 963
63 93
63 141
63 180
63 206
63 291
63 515
63 780
63 816
64 181
64 376
64 394
64 449
64 648
64 707
64 821
65 77
65 99
65 106
65 193
65 303
65 662
65 699
65 721
65 750
65 803
65 869
65 965
66 70
66 101
66 569
66 572
66 609
66 630
66 669
66 827
66 932
66 958
66 987
67 281
67 684
67 709
67 774
67 914
67 934
67 942
67 977
67 987
68 133
68 148
68 241
68 516
68 542
68 662
69 383
69 464
69 529
69 714
69 755
69 810
70 300
70 468
70 506
70 592
70 694
70 925
71 166
71 409
71 682
71 734
72 755
72 822
72 893
73 100
73 134
73 266
73 347
73 410
73 442
73 490
73 500
73 629
73 695
73 741
73 902
74 88
74 157
74 194
74 227
74 233
74 734
74 767
74 778
74 794
74 832
74 849
74 971
74 979
75 303
75 405
75 447
75 458
75 577
75 671
75 693
75 712
75 827
75 850
75 920
75 924
76 321
76 343
76 600
76 834
77 78
77 503
77 596
77 660
78 362
78 447
78 481
78 600
78 688
78 690
78 862
79 172
79 210
79 357
79 534
79 635
79 661
79 837
79 982
80 114
80 165
80 230
80 359
80 519
80 520
80 523
80 670
80 679
80 708
80 904
81 146
81 270
81 324
81 697
81 876
82 298
82 363
82 608
82 771
82 799
82 956
83 129
83 156
83 336
83 348
83 526
83 598
83 664
83 692
83 853
84 122
84 130
84 136
84 210
84 412
84 527
84 622
84 661
84 707
84 779
85 150
85 191
85 352
85 783
85 830
85 866
86 424
86 707
86 787
87 123
87 182
87 192
87 316
87 388
87 499
88 156
88 181
88 295
88 318
88 339
88 421
88 555
88 660
88 764
89 283
89 344
89 397
89 669
89 700
90 131
90 294
90 405
90 468
90 725
90 737
91 229
91 237
91 241
91 316
91 378
91 402
91 449
91 654
91 765
92 123
92 512
92 552
92 676
92 711
92 735
92 919
93 138
93 171
93 417
93 609
93 658
93 701
93 734
93 768
94 139
94 147
94 502
94 550
94 558
94 659
94 682
94 705
94 788
95 158
95 257
95 321
95 389
95 469
95 562
95 664
96 296
96 394
96 493
96 697
96 701
96 778
97 210
97 239
97 302
97 414
97 689
97 701
97 703
97 704
97 891
97 903
98 126
98 178
98 489
98 534
98 616
98 660
98 698
99 223
99 353
99 412
99 550
99 658
99 666
99 681
99 686
99 748
99 814
99 948
99 969
100 123
100 149
100 269
100 321
100 412
100 710
100 888
101 110
101 467
101 531
101 554
101 684
101 813
101 901
101 930
102 145
102 165
102 372
102 481
102 482
102 560
102 696
102 866
103 123
103 155
103 345
103 415
103 449
103 481
103 676
103 884
103 959
103 972
104 127
104 194
104 653
104 764
104 994
105 121
105 294
105 559
105 585
105 679
105 705
105 878
106 195
106 334
106 472
106 490
106 620
106 698
106 892
106 898
107 197
107 500
107 505
107 587
107 630
107 646
107 875
108 216
108 437
108 475
108 638
108 820
108 924
108 977
109 317
109 348
109 402
109 445
109 487
109 627
109 808
109 817
109 919
109 962
110 406
110 486
110 517
110 691
110 843
111 284
111 576
111 879
111 881
111 986
112 302
112 438
112 446
112 600
112 683
112 690
113 157
113 252
113 457
113 534
114 168
114 324
114 422
114 456
114 530
115 190
115 228
115 371
115 443
115 505
115 872
115 890
116 313
116 488
116 787
116 961
117 267
117 374
117 438
117 771
117 781
117 963
118 179
118 195
118 291
118 363
118 416
118 421
118 469
118 632
119 157
119 431
119 566
119 806
119 990
120 234
120 236
120 500
120 607
120 944
120 996
121 228
121 650
121 661
121 695
121 779
121 783
121 898
121 968
121 989
122 163
122 272
122 373
122 403
122 405
122 483
122 644
122 651
122 802
122 877
122 897
122 976
123 174
123 257
123 264
123 622
123 635
124 125
124 497
124 720
124 891
125 355
125 465
125 663
125 668
125 692
125 779
125 819
125 982
125 984
126 146
126 409
126 490
126 556
126 722
126 755
127 246
127 279
127 361
127 380
127 471
127 569
127 719
127 816
127 918
127 938
127 969
128 535
128 671
128 898
128 957
128 985
128 988
128 998
129 465
129 477
129 673
129 729
129 822
130 203
130 283
130 336
130 435
130 539
130 565
130 734
130 763
130 789
131 233
131 253
131 436
131 481
131 692
131 923
132 196
132 233
132 294
132 295
132 358
132 362
132 363
132 623
132 706
132 803
132 901
132 918
133 135
133 216
133 233
133 403
133 464
133 750
133 870
133 977
133 999
134 255
134 280
134 667
134 858
135 520
135 548
135 639
135 668
135 826
135 997
136 137
136 216
136 446
136 608
136 635
136 963
137 148
137 498
137 681
137 788
137 852
138 196
138 198
138 227
138 312
138 375
138 529
138 712
138 943
138 977
139 281
139 390
139 460
139 475
139 610
139 673
139 779
139 873
139 999
140 261
140 343
140 374
140 378
140 607
141 220
141 368
141 496
141 543
141 588
141 842
142 295
142 370
142 395
142 457
142 538
142 550
142 622
142 683
143 375
143 398
143 526
143 645
143 727
143 768
143 811
143 964
144 351
144 478
144 653
144 725
144 776
144 801
145 228
145 288
145 291
145 618
145 637
145 681
145 758
145 828
145 914
146 167
146 255
146 279
146 331
146 418
146 640
146 823
146 870
146 873
146 881
146 948
147 199
147 632
147 689
147 749
147 825
147 846
148 234
148 273
148 540
148 715
148 733
148 740
149 277
149 359
149 562
149 745
149 821
149 893
149 910
149 974
150 828
150 850
150 955
150 995
151 206
151 347
151 463
151 605
151 975
152 205
152 294
152 361
152 399
152 439
152 526
152 588
152 735
152 768
152 823
152 926
152 989
153 229
153 543
153 648
153 787
153 953
154 288
154 338
154 462
154 470
154 597
154 614
154 668
154 798
154 808
155 395
155 481
155 715
155 889
156 192
156 268
156 290
156 540
156 611
156 715
156 862
156 873
157 208
157 269
157 347
157 363
157 545
157 595
157 630
157 758
157 926
158 198
158 242
158 309
158 341
158 343
158 682
158 693
158 841
158 929
158 992
159 175
159 260
159 282
159 405
159 571
159 676
159 793
159 824
159 877
159 908
160 247
160 276
160 314
160 380
160 432
160 463
160 514
160 538
160 542
160 590
160 612
160 788
160 847
161 235
161 280
161 424
161 428
161 452
161 456
161 639
161 669
161 827
161 838
161 936
162 326
162 432
162 492
162 681
162 854
163 328
163 385
163 389
163 491
163 681
163 887
164 211
164 231
164 308
164 415
164 425
164 601
165 173
165 178
165 194
165 357
165 488
165 524
165 696
165 828
165 910
165 931
165 999
166 377
166 715
166 780
166 857
166 904
167 483
167 666
167 709
168 355
168 483
168 975
169 316
169 480
169 506
169 647
169 762
169 834
169 887
169 907
169 919
169 923
170 423
170 493
170 679
170 874
170 901
171 366
171 627
171 797
171 968
172 204
172 211
172 301
172 326
172 359
172 384
172 524
172 611
172 696
172 746
172 893
173 175
173 580
173 605
173 637
173 740
173 748
173 753
173 854
174 261
174 262
174 343
174 347
174 364
174 436
174 495
174 617
174 623
174 794
175 440
175 507
175 515
175 528
175 534
175 591
175 672
175 676
175 793
175 918
176 224
176 269
176 387
176 395
176 474
176 544
176 604
176 692
176 783
177 225
177 238
177 313
177 393
177 416
177 566
177 628
177 706
177 723
177 761
177 782
177 914
178 187
178 349
178 444
178 477
178 509
178 880
178 920
178 992
178 999
179 326
179 402
179 489
179 568
179 752
180 200
180 205
180 236
180 317
180 398
180 445
180 446
180 473
180 617
180 865
181 563
181 580
181 627
181 689
181 783
181 814
181 828
181 887
181 936
182 238
182 286
182 330
182 569
182 670
182 801
182 841
182 961
183 367
183 450
183 574
183 866
183 879
184 188
184 239
184 269
184 345
184 559
184 974
184 999
185 378
185 383
185 427
185 606
185 784
185 872
185 934
185 935
186 195
186 202
186 231
186 273
186 300
186 617
186 704
186 789
186 950
187 222
187 272
187 309
187 317
187 352
187 576
187 590
187 611
187 615
187 679
187 897
187 967
188 371
188 486
189 243
189 371
189 459
189 465
189 596
189 624
189 652
189 701
189 710
189 718
189 807
189 873
189 927
190 377
190 631
190 943
190 964
190 988
191 340
191 451
191 492
191 510
191 826
191 992
191 994
192 279
192 429
192 632
192 762
192 767
193 385
193 395
193 623
193 670
194 275
194 561
194 631
194 840
194 938
194 990
195 301
195 515
195 685
195 871
195 904
195 969
196 257
196 571
196 724
196 906
196 973
197 373
197 594
197 607
197 738
197 906
197 928
198 414
198 560
198 587
198 783
198 868
198 914
199 241
199 438
199 686
199 753
200 310
200 318
200 500
200 907
201 272
201 275
201 364
201 393
201 419
201 538
201 675
201 869
201 871
202 598
202 693
202 872
202 984
203 265
203 355
203 413
203 620
203 734
203 774
203 989
204 478
204 532
204 638
204 704
205 259
205 264
205 284
205 347
205 684
205 832
205 851
206 269
206 341
206 454
206 470
206 534
206 674
206 919
206 967
207 448
207 760
207 953
207 961
207 968
208 550
208 613
208 730
208 734
208 832
208 896
208 972
208 978
209 975
210 304
210 374
210 490
210 527
210 572
210 783
210 986
211 732
211 816
211 986
212 215
212 299
212 474
212 496
212 506
212 595
212 606
212 681
212 723
212 760
212 843
212 925
213 274
213 468
213 484
213 612
213 628
213 650
213 674
213 830
214 267
214 492
214 514
214 534
214 666
214 799
214 852
214 912
215 397
215 461
215 708
215 803
215 885
216 268
216 313
216 322
216 340
216 369
216 396
216 512
216 619
216 806
216 838
216 849
216 910
217 454
217 528
217 635
217 771
217 910
217 938
218 235
218 272
218 358
218 546
218 560
218 840
218 849
218 947
219 450
219 456
219 694
219 870
219 925
220 777
220 793
220 909
221 492
221 563
221 658
221 788
222 223
222 692
222 786
222 907
222 922
223 696
223 805
223 821
224 553
224 615
224 619
224 795
224 807
224 867
225 229
225 655
225 817
225 901
225 945
225 999
226 420
226 438
226 465
226 590
226 902
226 940
226 949
226 967
226 994
227 528
227 542
227 553
227 625
227 908
228 306
228 359
228 423
228 430
228 499
228 512
228 521
228 668
228 982
228 983
229 375
229 516
229 527
229 626
229 733
230 351
230 352
230 385
230 432
230 492
230 591
230 710
230 719
230 776
231 267
231 539
231 542
231 695
231 706
231 855
231 889
232 630
232 719
233 296
233 401
233 558
233 646
233 996
234 238
234 403
234 513
234 668
234 764
234 826
234 833
234 897
234 898
234 930
235 253
235 358
235 366
235 392
235 665
235 709
235 730
235 787
235 814
235 832
235 969
235 970
236 283
236 299
236 504
236 514
236 686
236 773
236 775
237 264
237 537
237 686
237 739
238 239
238 483
238 837
238 900
238 969
239 424
239 460
239 783
239 895
240 443
240 608
240 755
240 929
241 307
241 348
241 381
241 416
241 463
241 698
241 707
241 763
241 876
242 261
242 374
242 444
242 445
242 727
243 564
243 628
243 633
243 672
243 725
243 764
243 968
244 314
244 363
244 509
244 558
244 644
244 834
245 402
245 676
245 778
245 790
245 836
246 341
246 516
246 666
246 733
246 758
246 854
246 912
247 374
247 522
247 614
247 676
247 850
247 967
248 518
248 583
248 602
248 629
248 836
248 879
249 333
249 348
249 487
249 503
249 531
249 661
249 762
250 376
250 419
250 539
250 860
250 871
250 917
251 439
251 699
251 709
251 800
252 273
252 275
252 395
252 547
252 761
253 265
253 405
253 653
253 792
253 848
254 528
254 616
255 465
255 491
255 616
255 679
255 944
255 958
256 284
256 502
256 592
256 600
256 684
257 291
257 400
257 521
257 531
257 685
257 815
257 856
257 959
258 261
258 301
258 320
258 363
258 584
259 357
259 398
259 440
259 551
259 594
259 733
259 770
259 842
259 944
260 580
260 724
260 954
261 310
261 552
261 615
261 735
261 776
261 896
261 920
261 933
262 387
262 436
263 335
263 984
264 277
264 312
264 422
264 442
264 551
264 684
264 780
264 938
264 956
265 313
265 527
265 626
265 785
265 915
266 370
266 467
266 665
266 690
266 762
266 778
266 789
266 886
266 947
267 437
267 542
268 389
268 390
268 413
268 510
268 750
268 786
268 934
268 972
269 304
269 553
270 277
270 334
270 343
270 594
270 628
270 776
270 817
270 872
270 908
270 931
271 304
271 424
271 765
271 774
271 874
272 450
272 489
272 524
272 612
272 814
272 897
273 423
273 486
273 918
274 289
274 334
274 355
274 593
274 722
274 898
274 956
274 958
275 576
275 730
275 837
275 891
276 352
276 482
276 569
276 736
276 754
276 912
277 801
278 303
278 381
278 758
278 863
278 939
279 324
279 444
279 612
279 674
279 847
279 979
279 983
280 489
280 681
280 727
280 742
280 769
280 819
280 861
280 877
280 889
281 634
281 745
281 763
281 869
282 715
282 845
282 876
282 991
283 372
283 527
283 573
283 662
283 762
283 783
283 945
283 976
284 506
284 943
284 953
285 295
285 570
285 781
285 782
285 791
285 796
285 962
286 343
286 616
286 678
286 719
286 722
286 929
286 954
287 559
287 766
287 835
287 999
288 425
288 626
288 662
288 668
288 750
288 763
288 950
289 314
289 373
289 402
289 434
289 481
289 532
289 608
289 796
289 859
290 586
290 630
290 660
290 678
290 900
290 909
290 950
291 597
291 791
291 931
292 721
292 749
293 317
293 834
293 842
293 874
293 982
294 750
294 770
294 795
294 838
294 899
295 397
295 462
295 485
295 577
295 673
295 682
295 696
295 868
295 971
296 654
296 857
296 906
297 309
297 310
297 379
297 785
298 685
298 919
298 970
299 572
299 626
299 743
299 851
299 949
300 433
300 609
300 669
300 762
300 780
300 874
300 953
301 353
301 559
301 619
301 855
301 953
301 981
302 315
302 632
302 831
302 873
302 941
302 972
303 375
303 382
303 386
303 394
303 439
303 655
303 771
303 868
304 332
304 567
304 571
304 740
305 332
305 349
305 411
305 450
305 451
305 478
305 749
305 752
305 851
306 442
306 599
307 365
307 403
307 459
307 470
307 483
307 526
307 677
307 702
307 703
307 717
307 845
307 980
308 432
308 516
308 811
308 934
309 371
309 795
309 813
309 871
310 422
310 430
310 581
310 790
310 835
310 887
311 365
311 846
312 396
312 453
312 493
312 496
312 793
313 378
313 467
313 530
313 531
313 625
313 862
313 887
314 679
314 749
314 800
315 530
315 660
316 424
316 437
316 543
316 607
316 637
316 721
316 764
317 552
317 649
317 673
317 834
318 351
318 633
318 651
318 660
318 934
319 327
319 331
319 450
319 744
320 753
320 800
321 337
321 375
321 527
321 605
321 633
321 636
321 840
321 963
321 964
322 330
322 370
322 555
322 686
322 736
322 767
322 841
322 861
322 896
322 942
323 395
323 561
323 723
323 759
323 798
323 889
323 943
324 449
324 611
324 676
325 535
325 638
325 656
325 672
325 935
325 989
326 502
326 560
326 582
326 636
326 701
326 981
327 398
327 407
327 488
327 560
327 619
327 651
327 747
327 775
327 958
327 959
328 379
328 494
328 606
328 678
328 709
328 940
329 389
329 535
329 559
329 561
330 472
330 530
330 638
330 642
330 644
330 684
330 723
330 824
330 873
330 945
331 510
331 565
331 605
331 769
331 795
331 980
332 358
332 360
332 432
332 594
332 614
332 634
332 662
332 708
332 710
332 788
332 809
332 861
332 922
333 498
333 846
333 989
334 435
334 555
334 646
334 756
334 964
335 491
335 655
335 770
335 906
335 925
335 975
336 411
336 545
336 678
336 745
336 912
337 471
337 499
337 515
337 674
337 812
337 878
337 902
337 917
337 930
337 932
338 461
338 860
338 891
338 949
339 571
339 609
339 664
339 765
339 867
340 657
340 688
340 708
340 843
340 922
340 955
340 990
341 419
341 675
341 837
342 928
342 930
343 416
343 432
343 481
343 517
343 694
343 724
343 731
343 912
344 561
344 701
344 859
344 887
345 496
345 679
345 693
345 810
346 386
346 415
346 708
346 762
346 904
347 542
347 737
347 900
347 957
348 480
348 506
348 625
348 721
348 832
348 957
349 417
349 425
349 602
349 833
349 900
350 367
350 421
350 645
350 712
351 374
351 406
351 827
351 912
351 958
351 968
351 978
352 407
352 510
352 686
352 723
352 729
352 812
353 602
353 624
353 631
353 876
353 948
354 402
354 484
354 550
354 606
354 732
354 915
355 375
355 518
355 625
355 674
355 787
355 909
355 989
356 471
356 569
356 684
356 737
356 878
356 905
357 428
357 506
357 582
357 762
357 811
357 859
358 402
358 797
358 900
359 429
359 721
359 739
360 788
360 820
360 858
360 871
360 945
361 559
361 623
361 721
361 723
361 780
361 853
362 403
362 690
362 818
362 994
363 542
363 553
363 642
363 734
363 875
363 976
364 398
364 468
364 632
364 684
364 769
365 406
365 419
365 501
365 803
365 822
365 946
366 457
366 465
366 522
366 574
366 862
366 907
367 877
367 921
367 936
368 370
368 386
368 454
368 503
368 784
369 590
369 631
369 813
369 828
370 373
370 807
370 832
370 933
370 998
371 379
371 627
371 703
371 993
372 431
372 724
372 772
373 398
373 595
374 632
374 701
374 842
374 994
375 516
375 723
375 747
375 775
375 959
375 996
376 428
376 482
376 788
376 886
376 899
376 975
377 606
377 803
378 397
379 635
379 762
379 977
380 488
380 874
380 889
380 948
381 637
382 581
382 646
382 977
383 549
383 553
383 555
383 933
383 991
384 415
384 469
384 552
384 709
384 764
384 822
384 904
384 961
385 627
385 631
385 659
385 751
385 863
385 929
386 537
386 669
387 411
387 434
387 470
387 578
387 616
387 818
387 872
387 892
387 964
388 486
388 697
388 777
388 897
389 636
389 853
389 870
390 561
391 438
391 499
391 569
391 609
391 752
392 544
392 576
392 679
392 708
392 868
392 951
393 394
393 450
393 553
393 880
393 996
394 409
394 421
394 442
394 716
394 724
394 742
394 933
394 984
395 470
395 518
395 796
395 916
395 922
395 935
396 444
396 631
396 641
396 972
396 998
397 400
397 826
398 440
398 511
398 604
398 623
398 710
398 741
398 748
398 837
398 856
398 897
398 913
398 981
399 407
399 456
399 786
399 790
399 939
400 468
400 498
400 837
401 649
401 761
402 425
402 506
402 542
402 618
403 608
403 864
404 439
404 672
404 674
404 727
405 709
405 787
405 893
406 547
406 617
406 653
406 695
406 945
407 482
407 621
407 742
408 483
408 508
408 570
408 630
408 790
408 821
409 425
409 453
409 616
409 671
410 532
410 647
410 705
410 721
410 755
411 437
411 458
411 542
411 893
411 916
411 980
412 451
412 826
412 919
412 944
413 600
413 726
413 890
413 967
413 975
414 571
414 633
414 634
415 473
415 679
415 724
415 798
415 935
416 434
416 626
416 844
416 916
417 507
417 596
417 701
418 497
419 470
419 497
419 536
419 757
420 598
420 638
420 677
420 826
420 871
421 542
421 544
421 637
421 879
422 496
422 900
422 981
423 657
423 687
423 904
423 942
423 945
423 947
424 497
424 743
424 788
424 798
424 903
424 935
424 946
424 957
425 617
425 622
425 649
425 798
425 823
425 881
426 515
426 568
426 620
426 862
426 961
427 554
427 555
427 628
427 667
427 727
428 481
428 493
428 563
428 592
428 603
428 707
428 719
428 770
428 873
428 937
429 553
429 625
429 743
429 751
429 848
429 856
429 939
429 964
429 983
430 454
430 819
430 952
431 464
431 639
431 717
431 936
431 947
432 515
432 616
432 638
432 645
432 678
432 689
432 806
433 456
433 457
433 694
433 842
434 505
434 571
434 884
434 910
435 585
435 670
435 892
435 982
436 466
436 520
436 692
436 971
437 448
437 469
437 554
437 769
438 528
438 733
438 765
438 806
438 941
439 449
439 495
439 496
439 546
439 618
439 620
439 646
439 809
439 896
439 930
440 633
440 654
440 904
441 619
441 793
441 856
441 871
442 872
443 631
444 603
444 611
444 701
444 894
444 932
445 563
445 695
445 753
446 610
446 796
446 913
447 487
447 867
448 499
448 550
448 596
448 746
448 854
448 919
449 508
449 541
449 601
449 699
449 746
449 840
450 647
450 943
450 948
451 452
451 485
451 516
451 621
451 779
452 456
452 490
452 669
452 761
452 922
452 962
453 542
453 701
453 983
454 465
454 715
454 855
454 876
454 933
455 494
455 606
455 712
455 737
455 792
455 817
455 992
456 645
456 735
456 828
457 680
457 705
457 931
458 760
459 515
459 629
459 636
459 673
459 716
459 790
459 848
460 590
460 868
461 546
461 609
461 708
461 856
462 473
462 767
462 896
462 926
462 956
463 668
463 756
463 802
464 667
464 905
464 961
465 643
465 712
465 728
465 763
465 835
465 970
465 973
466 805
467 645
467 994
468 650
468 850
468 902
468 926
469 470
469 683
470 486
470 502
471 523
471 628
471 734
472 797
472 799
472 968
473 938
474 593
474 820
474 826
474 873
474 880
475 492
475 519
475 604
475 706
475 935
476 601
476 612
477 537
477 777
477 817
477 866
479 671
479 777
479 879
480 591
480 719
480 821
481 611
481 736
482 508
482 675
482 838
483 747
483 881
483 920
484 486
484 487
484 654
484 804
484 905
484 970
484 979
485 515
485 821
485 825
485 851
485 886
485 907
486 499
486 583
486 825
486 997
487 563
487 679
487 803
487 865
487 883
487 926
488 518
488 911
488 938
489 498
489 517
489 654
489 723
489 780
489 973
490 595
490 724
490 777
491 667
491 690
491 722
491 747
491 752
491 899
491 980
492 625
492 757
493 719
493 722
493 984
494 676
495 545
495 979
496 510
496 630
496 862
496 990
497 604
497 698
497 888
498 587
498 850
499 708
499 985
500 602
500 731
500 762
500 910
500 974
501 599
501 667
501 675
501 929
501 934
501 984
502 550
502 739
502 753
504 535
504 634
505 598
505 721
505 795
505 902
506 686
506 736
506 851
506 857
506 891
507 544
507 671
507 812
507 831
508 636
508 724
508 753
509 556
509 590
509 598
509 939
509 967
509 974
509 981
509 997
510 803
510 877
510 903
510 969
510 981
511 791
511 923
512 786
512 897
512 959
513 653
513 716
513 773
513 833
513 877
514 548
514 562
514 802
515 810
515 828
515 839
515 897
516 520
516 637
516 639
516 671
516 716
516 718
517 520
517 770
517 774
517 933
517 950
517 959
518 549
518 553
518 593
518 668
518 697
518 895
518 897
518 905
518 939
519 708
519 942
520 702
520 976
522 567
522 579
522 710
522 753
522 995
523 986
524 664
524 682
524 809
524 990
525 662
525 686
525 758
525 795
525 874
525 949
526 670
526 834
526 939
526 952
527 549
527 579
527 981
528 810
528 824
528 964
528 967
528 987
529 661
529 694
529 712
529 724
529 728
529 770
529 807
529 855
529 870
529 928
530 602
530 734
531 778
532 684
532 686
532 903
532 934
533 811
534 631
534 660
534 734
534 844
534 855
535 621
535 823
535 866
535 980
535 981
536 907
536 985
537 641
537 729
538 560
538 699
538 743
538 890
538 900
538 931
539 809
540 559
540 569
540 603
540 706
540 857
540 939
541 652
542 584
542 680
543 899
543 983
544 693
544 781
544 911
544 971
545 630
545 965
546 589
546 632
546 645
546 666
547 566
547 910
547 917
547 918
547 985
548 668
549 657
549 693
549 793
549 978
550 592
550 653
550 668
550 864
550 876
550 983
550 990
551 570
551 653
551 867
551 997
553 679
553 705
553 762
555 738
555 785
555 836
555 930
556 652
556 738
556 788
556 918
557 650
557 746
557 906
558 657
558 676
558 847
558 975
559 770
559 890
559 961
560 731
560 808
561 702
561 711
561 752
561 918
562 933
562 997
563 624
563 643
563 925
563 969
564 723
564 841
564 914
564 973
565 640
565 679
565 703
565 785
565 900
565 986
566 752
568 759
568 809
568 828
569 580
569 979
570 655
571 677
571 684
571 926
572 601
572 659
572 692
572 739
573 610
573 625
573 906
574 584
574 644
574 809
574 879
574 919
574 928
575 822
575 852
575 920
576 642
576 741
576 754
576 893
576 930
577 711
578 739
578 822
578 884
578 942
578 960
580 621
580 734
580 750
581 609
581 709
582 691
582 809
582 818
583 677
583 882
584 633
584 700
584 734
584 858
585 758
585 936
585 960
586 640
586 719
586 723
586 815
586 914
587 742
587 904
587 976
588 767
589 979
590 632
590 670
590 821
591 783
591 910
592 606
592 687
592 840
592 922
592 981
594 616
594 715
594 839
594 966
595 615
595 690
595 949
596 655
596 879
596 982
597 703
597 773
597 825
597 882
597 931
597 979
598 717
598 815
598 895
599 627
599 680
599 689
599 728
599 740
599 973
600 930
601 767
601 882
601 955
602 729
602 886
603 678
603 778
604 634
604 774
604 821
604 845
605 943
606 844
606 898
606 968
607 698
607 736
607 750
607 895
607 966
608 860
608 900
609 713
609 894
609 916
610 745
610 802
610 925
611 662
611 700
611 740
611 882
612 653
612 693
612 706
612 874
613 654
613 703
613 741
613 927
613 929
614 746
614 812
615 639
615 750
615 753
615 941
616 754
616 825
616 841
616 889
616 983
617 632
617 635
617 807
617 812
618 621
618 736
618 789
618 912
618 913
619 730
619 909
619 937
619 951
620 873
620 890
621 646
621 691
621 937
622 651
622 690
622 755
622 800
623 725
623 816
623 898
624 666
624 713
624 766
624 841
624 958
625 627
625 745
625 927
626 636
626 719
626 747
627 637
627 844
627 858
627 888
628 785
628 912
629 640
629 702
629 740
629 771
629 890
630 638
630 640
630 773
630 917
630 999
632 659
632 702
632 710
632 875
632 977
633 742
633 889
634 860
635 648
635 686
635 924
635 940
635 960
636 705
636 798
637 646
637 705
637 842
637 976
638 911
639 784
640 851
640 919
641 720
641 727
641 802
641 956
642 685
642 790
642 827
642 897
643 878
643 985
644 701
644 723
644 949
644 975
645 651
645 807
645 941
646 869
647 976
648 670
648 684
648 711
648 723
648 901
648 919
648 933
649 808
649 822
649 836
649 911
650 774
650 895
650 935
651 798
651 954
651 984
652 661
652 743
652 796
652 840
652 929
652 958
653 840
653 889
653 891
653 915
653 961
654 704
654 933
654 960
655 789
655 940
655 950
656 863
656 899
656 921
656 986
656 992
657 811
657 971
658 670
659 919
659 995
660 674
660 698
660 872
661 704
662 759
662 770
662 809
663 733
663 769
663 873
663 910
665 974
665 981
666 801
666 981
667 737
667 835
667 864
667 913
668 767
668 777
668 807
668 859
669 719
669 821
669 920
670 861
670 960
670 974
671 687
671 939
671 946
671 968
672 679
672 754
672 836
672 956
673 815
673 912
674 761
674 949
674 985
675 830
675 865
676 923
677 694
677 803
678 764
678 829
678 842
678 931
678 955
679 687
679 748
679 751
679 763
679 771
679 842
679 868
679 932
679 949
679 975
680 841
680 861
681 720
681 806
682 730
682 761
682 797
683 684
683 765
683 914
684 728
684 873
685 920
686 849
686 904
687 793
688 710
688 786
688 865
688 917
689 743
689 857
689 872
689 906
690 715
690 802
690 938
691 811
691 821
691 882
692 848
692 902
692 937
692 969
694 836
694 908
694 952
694 977
694 982
694 999
695 727
695 733
695 882
696 734
696 747
696 786
696 829
697 731
697 768
697 856
698 791
698 877
699 733
699 929
700 711
700 840
700 848
700 887
701 789
701 879
702 897
702 956
703 787
703 821
703 867
703 983
704 770
704 850
706 709
706 715
706 747
706 824
706 919
707 815
707 914
707 929
708 970
709 802
709 877
709 960
710 723
710 789
712 740
712 959
713 804
713 896
713 920
714 778
715 876
715 985
717 787
717 904
717 974
718 874
719 765
719 788
719 863
719 923
719 924
719 973
720 751
720 805
720 899
721 838
721 883
722 801
722 826
722 876
722 895
723 727
723 762
723 812
723 837
723 969
724 725
724 780
725 743
725 777
725 849
725 943
725 978
726 872
726 920
727 906
728 959
728 982
728 990
728 991
730 932
731 816
731 827
732 740
732 967
733 813
733 821
733 862
734 788
734 961
734 996
736 862
737 782
737 941
738 769
739 804
739 887
739 911
740 846
740 876
741 784
741 886
741 909
741 923
742 772
742 846
742 916
743 889
744 990
745 829
745 864
745 980
746 943
746 948
747 869
747 925
748 983
749 899
749 922
750 807
750 955
752 767
753 825
753 887
753 891
753 989
754 803
754 912
755 790
755 802
756 759
756 986
757 770
757 779
758 978
759 874
760 783
761 971
762 799
762 899
762 929
762 988
763 807
763 809
763 904
764 874
764 984
766 964
767 850
767 852
767 888
767 970
768 880
768 925
769 922
771 812
772 818
772 964
773 822
774 958
775 871
775 890
778 995
779 916
779 999
782 860
782 884
782 936
783 900
783 968
784 968
785 861
785 983
786 844
787 823
787 847
787 947
788 798
788 916
788 966
790 791
790 810
790 988
791 818
794 796
795 951
796 905
797 867
797 934
798 821
798 977
799 855
799 985
800 875
800 998
801 943
802 973
804 820
804 976
805 838
805 877
806 815
806 915
806 930
806 985
807 822
808 874
808 904
808 995
810 839
810 873
811 840
811 864
811 944
812 848
812 924
813 863
815 861
815 972
816 902
816 938
816 960
817 852
820 904
820 914
820 918
820 938
821 906
821 921
821 951
822 927
822 945
823 937
824 957
825 863
825 936
825 944
826 831
829 861
829 982
830 851
830 905
830 931
830 987
831 924
832 848
832 947
833 874
833 878
834 881
834 907
834 951
836 885
836 960
837 979
838 879
838 924
842 883
843 957
844 977
845 899
845 917
845 922
845 964
848 888
848 929
849 857
850 873
850 905
853 936
856 952
857 895
857 899
857 912
857 985
859 868
861 882
862 871
862 909
863 996
864 931
866 930
867 955
868 929
868 960
868 971
868 980
869 902
869 904
869 970
869 981
871 953
872 978
873 879
873 920
874 887
875 930
876 925
876 994
877 953
879 927
880 897
880 898
880 939
881 906
882 927
883 907
883 977
885 916
885 961
886 912
888 921
888 929
889 899
890 949
892 893
894 910
896 923
896 930
897 913
897 917
897 952
898 917
898 998
901 905
904 925
905 906
909 950
909 956
912 954
912 978
913 997
916 971
916 998
920 978
928 932
930 974
931 966
938 980
940 943
940 944
940 977
942 994
952 963
952 967
954 971
966 986
979 987
