0 24
0 28
0 31
0 58
0 141
0 143
0 149
0 164
0 172
0 178
0 189
0 213
0 225
0 228
0 236
0 272
0 276
0 277
0 481
1 14
1 16
1 39
1 96
1 114
1 122
1 162
1 163
1 167
1 176
1 178
1 210
1 259
1 273
1 283
2 21
2 25
2 33
2 37
2 77
2 99
2 107
2 118
2 125
2 151
2 177
2 224
2 237
2 240
2 251
2 278
2 294
3 49
3 93
3 158
3 202
3 271
3 280
3 686
4 19
4 31
4 37
4 52
4 56
4 93
4 115
4 136
4 166
4 174
4 193
4 210
4 226
4 234
4 235
4 244
4 248
4 274
4 275
4 292
5 7
5 28
5 50
5 52
5 71
5 102
5 104
5 109
5 145
5 154
5 176
5 204
5 234
5 294
5 555
6 39
6 68
6 70
6 73
6 77
6 111
6 147
6 149
6 157
6 171
6 183
6 194
6 211
6 230
6 240
6 243
6 244
6 269
6 270
6 286
7 40
7 75
7 95
7 112
7 133
7 139
7 153
7 157
7 161
7 169
7 196
7 242
7 257
7 259
7 266
8 13
8 65
8 79
8 94
8 104
8 117
8 119
8 142
8 162
8 165
8 208
8 224
8 232
8 236
8 260
8 414
9 34
9 46
9 87
9 95
9 148
9 175
9 214
9 228
9 280
9 298
9 468
9 780
9 928
10 32
10 37
10 48
10 50
10 64
10 89
10 96
10 100
10 103
10 123
10 126
10 165
10 174
10 187
10 201
10 224
10 231
10 242
10 254
10 257
10 258
10 259
10 266
10 268
10 285
10 592
10 741
11 39
11 52
11 72
11 74
11 82
11 100
11 101
11 125
11 136
11 140
11 164
11 175
11 202
11 262
11 272
11 282
11 293
11 442
11 549
11 990
12 14
12 34
12 60
12 78
12 155
12 167
12 206
12 250
12 257
12 260
12 262
12 272
12 277
12 280
12 283
13 18
13 35
13 79
13 84
13 85
13 87
13 90
13 114
13 119
13 188
13 210
13 235
13 244
13 274
13 284
14 62
14 79
14 122
14 124
14 149
14 150
14 161
14 182
14 221
14 377
15 38
15 71
15 77
15 139
15 155
15 160
15 169
15 184
15 228
15 246
15 255
15 282
16 21
16 43
16 58
16 59
16 62
16 79
16 80
16 85
16 106
16 118
16 122
16 136
16 139
16 237
16 269
16 274
16 280
17 42
17 47
17 65
17 66
17 119
17 142
17 155
17 164
17 166
17 170
17 197
17 207
17 270
17 282
17 290
18 36
18 42
18 62
18 64
18 65
18 153
18 177
18 189
18 199
18 209
18 222
18 247
18 272
18 286
19 31
19 32
19 76
19 84
19 138
19 145
19 146
19 148
19 155
19 156
19 165
19 209
19 215
19 217
19 239
19 240
19 260
20 57
20 71
20 73
20 110
20 152
20 153
20 178
20 243
20 247
20 272
20 295
21 57
21 59
21 94
21 119
21 121
21 133
21 162
21 188
21 189
21 194
21 221
21 230
21 249
21 253
21 256
21 288
22 23
22 28
22 33
22 42
22 48
22 55
22 65
22 78
22 107
22 115
22 140
22 149
22 160
22 162
22 195
22 202
22 204
22 211
22 215
22 250
22 269
22 298
22 311
23 25
23 49
23 53
23 57
23 78
23 107
23 125
23 127
23 128
23 145
23 196
23 225
23 236
23 256
23 257
23 259
23 674
24 34
24 55
24 56
24 71
24 86
24 92
24 99
24 126
24 172
24 185
24 188
24 270
24 296
25 26
25 31
25 36
25 49
25 77
25 96
25 106
25 112
25 151
25 157
25 238
25 275
26 62
26 63
26 88
26 99
26 121
26 157
26 166
26 241
27 32
27 37
27 44
27 51
27 90
27 134
27 139
27 144
27 157
27 191
27 218
27 264
27 285
28 92
28 112
28 134
28 146
28 160
28 169
28 186
28 187
28 222
28 234
28 260
28 273
28 285
28 289
29 32
29 48
29 61
29 65
29 75
29 76
29 83
29 96
29 102
29 112
29 123
29 156
29 183
29 185
29 195
29 198
29 239
29 259
29 280
29 293
30 44
30 68
30 76
30 99
30 129
30 139
30 143
30 158
30 170
30 265
30 282
30 296
30 702
31 54
31 56
31 83
31 90
31 104
31 135
31 142
31 164
31 173
31 196
31 207
31 217
31 246
31 248
31 249
31 270
31 296
32 36
32 79
32 81
32 116
32 131
32 132
32 151
32 161
32 162
32 202
32 230
32 278
32 291
32 492
33 39
33 41
33 61
33 99
33 100
33 146
33 149
33 171
33 207
33 215
33 256
33 259
33 278
33 293
34 55
34 71
34 73
34 95
34 111
34 150
34 153
34 200
34 219
34 222
35 38
35 52
35 121
35 135
35 187
35 198
35 222
35 230
35 244
35 285
35 288
35 290
36 45
36 47
36 51
36 57
36 75
36 86
36 87
36 98
36 159
36 164
36 167
36 168
36 183
36 227
36 271
36 279
36 297
37 66
37 83
37 94
37 105
37 138
37 147
37 180
37 193
37 206
37 218
37 233
37 251
37 262
38 62
38 66
38 89
38 114
38 127
38 135
38 139
38 143
38 172
38 174
38 189
38 200
38 208
38 218
38 255
38 753
39 59
39 64
39 77
39 102
39 107
39 136
39 155
39 166
39 169
39 177
39 222
39 248
39 252
39 253
39 255
39 257
39 290
40 45
40 51
40 57
40 146
40 147
40 155
40 165
40 172
40 196
40 207
40 231
40 236
40 247
40 256
40 288
40 299
41 50
41 52
41 55
41 65
41 106
41 116
41 188
41 190
41 204
41 239
41 259
41 266
41 281
42 48
42 68
42 73
42 100
42 106
42 116
42 143
42 159
42 182
42 188
42 201
42 202
42 208
42 239
42 263
42 265
42 285
43 86
43 95
43 112
43 137
43 152
43 167
43 178
43 228
43 234
43 246
44 63
44 99
44 100
44 112
44 169
44 193
44 228
44 263
44 276
44 281
44 286
44 294
45 71
45 92
45 119
45 140
45 210
45 229
45 231
46 53
46 55
46 66
46 71
46 77
46 98
46 104
46 110
46 118
46 145
46 161
46 173
46 193
46 208
46 214
46 217
46 275
46 297
47 58
47 87
47 90
47 95
47 109
47 128
47 141
47 159
47 181
47 221
47 222
47 238
47 293
48 136
48 137
48 154
48 205
48 242
48 259
48 267
48 834
49 59
49 74
49 117
49 141
49 158
49 166
49 211
49 219
49 247
49 249
49 251
49 263
49 282
49 283
50 57
50 90
50 101
50 106
50 113
50 174
50 190
50 231
50 232
50 237
50 257
50 275
50 280
50 283
51 56
51 66
51 113
51 119
51 140
51 147
51 148
51 165
51 171
51 204
51 212
51 247
51 268
51 280
51 286
52 66
52 73
52 84
52 109
52 114
52 137
52 153
52 206
52 215
52 221
52 223
52 254
52 290
52 296
52 616
53 55
53 59
53 98
53 132
53 136
53 154
53 172
53 183
53 231
53 274
53 295
54 81
54 86
54 94
54 104
54 145
54 147
54 152
54 162
54 163
54 171
54 182
54 184
54 187
54 228
54 242
55 61
55 78
55 83
55 121
55 147
55 169
55 187
55 213
55 229
55 252
55 266
55 276
55 281
55 285
55 294
56 58
56 83
56 85
56 87
56 143
56 174
56 229
56 235
56 240
56 250
57 125
57 146
57 201
57 207
57 210
57 223
57 264
57 295
58 66
58 76
58 91
58 93
58 127
58 162
58 200
58 202
58 206
58 241
58 258
58 276
58 280
59 60
59 83
59 90
59 119
59 129
59 138
59 141
59 172
59 196
59 197
59 201
59 216
59 220
59 225
59 231
59 246
59 248
60 106
60 119
60 136
60 147
60 215
60 218
60 230
60 258
60 292
61 83
61 105
61 121
61 126
61 129
61 138
61 151
61 162
61 170
61 280
62 90
62 92
62 105
62 106
62 123
62 142
62 149
62 198
62 200
62 207
62 255
62 261
62 292
63 72
63 76
63 102
63 122
63 237
63 241
63 246
63 252
63 264
63 273
63 294
64 102
64 127
64 130
64 137
64 145
64 165
64 234
64 250
64 251
64 258
64 273
65 105
65 118
65 130
65 149
65 167
65 174
65 207
65 217
65 248
65 252
65 258
65 266
65 298
65 385
65 392
66 97
66 106
66 110
66 132
66 148
66 150
66 175
66 180
66 182
66 196
66 197
66 199
66 201
66 268
66 274
66 288
67 69
67 72
67 152
67 168
67 175
67 208
67 210
67 253
68 86
68 98
68 114
68 159
68 194
68 267
68 295
68 299
69 82
69 187
69 218
69 219
69 232
69 234
69 243
69 278
70 76
70 87
70 96
70 109
70 203
70 256
70 258
70 259
70 278
70 281
71 108
71 109
71 160
71 161
71 176
71 228
71 242
71 251
71 273
71 280
72 101
72 111
72 117
72 126
72 137
72 141
72 169
72 184
72 191
72 202
72 241
72 244
72 252
72 282
72 353
72 891
73 74
73 79
73 114
73 117
73 145
73 237
73 655
73 810
74 91
74 95
74 104
74 118
74 121
74 143
74 155
74 156
74 178
74 236
74 256
74 269
75 143
75 156
75 187
75 205
75 218
75 231
75 255
75 279
75 289
75 296
76 84
76 87
76 88
76 113
76 126
76 130
76 173
76 180
76 203
76 219
76 225
76 270
76 283
76 292
76 545
77 80
77 87
77 180
77 184
77 185
77 288
77 294
78 82
78 88
78 91
78 95
78 134
78 148
78 150
78 151
78 183
78 192
78 234
78 241
78 249
79 99
79 117
79 144
79 189
79 196
79 246
79 253
79 267
79 274
79 348
80 87
80 111
80 140
80 153
80 227
80 255
80 257
80 267
80 270
80 360
81 82
81 108
81 111
81 127
81 133
81 151
81 152
81 155
81 170
81 189
81 200
81 217
81 231
81 259
81 276
81 282
82 85
82 116
82 123
82 157
82 168
82 185
82 221
82 287
82 288
82 867
83 100
83 105
83 128
83 131
83 132
83 162
83 197
83 199
83 204
83 223
83 250
83 257
83 267
83 273
83 283
84 93
84 95
84 122
84 150
84 157
84 193
84 215
84 218
84 272
85 111
85 124
85 125
85 127
85 130
85 148
85 151
85 153
85 154
85 159
85 162
85 174
85 242
85 288
85 292
85 826
85 930
86 105
86 119
86 137
86 140
86 151
86 168
86 170
86 206
86 208
86 245
86 264
86 276
86 281
86 299
86 642
87 94
87 107
87 114
87 119
87 125
87 140
87 149
87 150
87 155
87 191
87 205
87 210
87 229
87 239
87 245
87 257
87 259
87 270
87 297
87 298
87 312
88 110
88 113
88 118
88 131
88 139
88 143
88 153
88 183
88 187
88 234
88 248
88 299
89 115
89 120
89 133
89 142
89 145
89 176
89 199
89 204
89 229
89 238
89 247
89 251
89 274
89 298
90 133
90 144
90 159
90 163
90 175
90 183
90 208
90 221
90 230
90 252
90 283
90 293
91 135
91 145
91 171
91 172
91 214
91 217
91 220
91 224
91 230
91 237
91 238
91 255
91 279
91 296
91 985
92 128
92 134
92 144
92 154
92 171
92 173
92 190
92 199
92 201
92 286
92 780
93 132
93 185
93 198
93 201
93 238
93 247
93 250
93 265
93 294
94 106
94 159
94 161
94 173
94 184
94 185
94 187
94 214
94 216
94 222
94 226
94 233
94 261
94 264
94 282
95 100
95 106
95 120
95 121
95 128
95 146
95 170
95 171
95 275
95 283
96 98
96 110
96 119
96 133
96 138
96 149
96 152
96 178
96 182
96 222
96 253
96 273
96 276
96 279
96 283
96 292
96 678
96 679
97 106
97 114
97 122
97 140
97 164
97 233
97 295
97 298
98 127
98 144
98 163
98 181
98 204
98 258
98 266
99 102
99 166
99 220
99 237
99 241
99 291
99 296
100 101
100 108
100 208
100 224
100 260
100 262
100 266
100 291
100 294
100 306
101 151
101 161
101 186
101 190
101 195
101 217
101 237
101 256
101 261
102 117
102 130
102 170
102 232
102 242
102 288
103 106
103 132
103 219
103 228
103 247
103 275
103 846
104 106
104 115
104 164
104 174
104 252
104 269
104 577
105 138
105 164
105 172
105 181
105 206
105 262
105 291
105 293
105 298
105 680
106 143
106 148
106 153
106 172
106 180
106 186
106 218
106 227
106 248
106 264
106 278
106 800
106 958
107 114
107 120
107 165
107 204
107 225
107 232
107 252
107 259
107 260
107 265
107 287
107 290
108 109
108 131
108 132
108 136
108 218
108 228
108 244
108 245
108 263
108 267
108 269
108 274
108 613
108 754
109 155
109 162
109 207
109 246
109 262
109 314
110 113
110 119
110 143
110 168
110 215
110 231
110 238
110 264
110 456
111 115
111 144
111 172
111 185
111 198
111 231
111 291
111 296
112 121
112 125
112 132
112 135
112 185
112 194
112 265
112 295
113 116
113 133
113 147
113 151
113 157
113 174
113 254
113 264
113 281
113 296
114 126
114 171
114 188
114 256
114 865
115 158
115 161
115 172
115 177
115 213
115 215
115 243
115 259
115 281
115 291
115 603
116 130
116 142
116 163
116 167
116 192
116 221
116 239
116 245
116 250
116 295
117 121
117 148
117 185
117 194
117 200
117 211
117 225
117 228
117 231
117 273
117 284
118 123
118 175
118 220
118 227
118 259
118 266
118 284
119 127
119 131
119 135
119 143
119 161
119 207
119 223
119 231
119 264
119 266
119 281
119 288
119 499
120 122
120 157
120 185
120 198
120 221
120 229
120 251
120 270
120 278
120 370
121 123
121 165
121 166
121 173
121 183
121 218
121 225
121 240
121 257
121 261
121 267
121 284
121 557
122 136
122 145
122 189
122 204
122 220
122 257
122 264
122 289
122 291
122 295
122 849
123 208
123 246
123 253
123 286
124 135
124 166
124 193
124 258
125 175
125 187
125 194
125 270
125 277
125 287
125 293
125 705
126 133
126 185
126 188
126 191
126 233
126 248
126 264
126 266
126 270
127 128
127 152
127 187
127 205
127 224
127 234
127 237
127 238
127 260
127 263
127 288
127 294
128 137
128 180
128 181
128 186
128 205
128 225
128 249
128 276
128 293
128 299
129 152
129 157
129 180
129 193
129 194
129 201
129 229
129 262
129 289
129 296
130 131
130 139
130 157
130 185
130 195
130 214
130 413
131 142
131 158
131 168
131 200
131 204
131 214
131 271
131 895
132 140
132 155
132 223
132 227
132 235
132 256
132 266
132 268
132 273
132 289
132 291
132 541
133 152
133 196
133 235
133 260
133 290
134 148
134 151
134 157
134 168
134 194
134 204
134 214
134 223
134 245
134 253
134 261
134 274
134 284
135 144
135 146
135 169
135 175
135 202
135 206
135 212
135 257
135 261
135 272
135 289
136 173
136 177
136 180
136 226
136 260
136 273
136 288
136 290
136 545
137 152
137 196
137 214
137 216
137 240
137 253
137 273
137 275
137 295
137 297
137 369
137 869
138 154
138 182
138 225
138 254
138 266
138 271
138 282
139 150
139 164
139 200
139 210
139 249
139 262
139 289
140 174
140 214
140 223
141 151
141 203
141 219
141 248
142 184
142 189
142 201
142 221
142 252
142 258
142 276
142 290
143 202
143 214
143 244
143 276
144 156
144 162
144 184
144 186
144 194
144 205
144 218
144 232
144 281
144 296
144 297
145 170
145 225
145 253
145 266
145 331
146 163
146 173
146 188
146 190
146 209
146 222
146 226
146 237
146 251
147 156
147 175
147 181
147 182
147 200
147 209
147 215
147 221
147 276
147 285
148 155
148 190
148 218
148 257
148 268
148 270
148 275
148 544
149 152
149 173
149 219
149 254
149 263
149 293
150 153
150 170
150 203
150 246
150 255
150 272
151 162
151 176
151 185
151 248
152 157
152 166
152 179
152 192
152 198
152 220
152 236
152 243
152 253
152 260
153 266
153 288
153 289
153 293
154 169
154 243
154 259
154 261
154 429
154 763
155 162
155 188
155 208
155 210
155 237
155 244
155 254
155 271
155 286
155 290
155 786
155 914
156 174
156 182
156 189
156 241
156 249
156 260
156 958
157 203
157 224
157 235
157 256
158 200
158 222
158 233
158 238
158 246
158 250
158 274
159 166
159 167
159 189
159 212
159 225
159 246
159 259
159 268
159 270
159 294
159 298
160 175
160 252
160 282
161 209
161 210
161 230
161 252
161 265
161 268
162 171
162 225
162 233
162 292
163 176
163 215
163 231
163 236
163 256
163 270
164 181
164 186
164 238
164 286
164 291
164 606
165 187
165 211
165 219
165 225
165 235
165 243
165 244
165 276
165 278
165 281
165 282
166 179
166 189
166 297
166 870
167 182
167 183
167 191
167 196
167 214
167 225
167 242
167 275
167 297
168 197
168 214
168 228
168 230
168 247
168 274
169 171
169 181
169 197
169 204
169 235
169 240
169 256
169 267
169 273
169 275
170 174
170 175
170 178
170 183
170 195
170 230
170 865
171 192
171 202
171 215
171 226
171 247
171 264
171 268
172 177
172 186
172 187
172 210
172 216
172 220
172 231
172 250
173 181
173 207
173 208
173 214
173 219
173 248
173 270
173 278
173 299
174 181
174 221
174 229
174 245
174 281
174 593
175 205
175 252
175 280
175 297
176 185
176 202
176 209
176 220
176 223
176 224
176 230
176 236
176 251
176 271
176 286
177 188
177 238
177 239
177 282
177 287
177 295
177 452
178 196
178 213
178 214
178 216
178 231
178 239
178 244
178 245
178 253
178 263
178 275
178 296
179 187
179 214
179 273
179 291
179 297
179 333
180 184
180 197
180 228
180 239
180 264
180 276
180 758
181 197
181 254
181 261
181 298
181 444
182 204
182 208
182 214
182 233
182 242
182 257
183 237
183 239
183 243
183 260
183 276
183 291
183 930
184 201
184 209
184 242
185 215
185 239
185 281
185 284
185 362
186 195
186 207
186 213
186 228
186 231
186 232
186 245
186 257
186 258
186 259
187 203
187 267
187 321
188 227
188 233
188 251
188 271
188 287
188 288
188 290
188 294
189 196
189 225
189 240
189 274
189 299
190 197
190 201
190 213
190 244
190 275
190 281
190 283
191 193
191 198
191 215
191 217
191 242
191 247
191 264
192 248
192 252
192 274
192 832
193 211
193 220
193 239
193 272
193 295
193 960
194 228
194 258
194 292
195 209
195 224
195 269
195 279
195 294
196 222
196 236
196 239
196 256
196 272
196 291
197 206
197 223
197 227
198 218
198 282
198 284
199 201
199 202
199 247
199 248
199 250
199 267
199 286
199 294
200 220
200 231
200 244
201 203
201 222
201 227
201 238
201 240
201 245
201 253
201 263
201 268
201 297
202 215
202 232
202 246
202 261
202 269
202 274
203 216
203 228
203 230
203 249
203 256
203 285
204 207
204 208
204 219
204 244
204 261
204 272
204 281
205 220
205 234
205 264
205 292
206 217
206 241
206 243
206 267
206 290
206 785
207 224
207 254
207 263
207 265
207 272
207 278
208 220
208 241
208 246
208 258
209 224
209 237
209 287
210 237
210 253
210 255
210 265
210 294
210 295
210 605
211 225
211 232
211 236
211 250
211 261
211 268
211 283
211 290
212 248
213 214
213 240
213 244
213 251
213 277
213 290
214 227
214 236
214 246
214 259
214 284
214 294
215 219
215 252
215 264
215 274
216 221
216 235
216 279
217 233
217 249
217 260
217 274
217 280
218 246
218 271
218 791
220 259
220 275
220 291
220 425
220 650
221 237
221 246
221 255
221 256
222 228
222 245
222 274
222 289
223 227
223 249
223 285
223 286
223 299
224 256
224 261
224 267
224 270
224 279
224 282
225 228
225 238
225 239
225 250
225 253
225 258
225 409
225 806
226 273
227 228
227 272
227 279
227 292
228 246
228 250
228 257
228 267
228 268
228 270
228 292
228 295
229 242
229 247
229 253
229 261
229 349
230 242
230 260
230 278
230 295
230 298
230 562
231 260
231 264
232 233
232 247
232 267
232 268
232 287
233 243
233 274
233 283
233 284
234 296
234 574
235 240
235 241
235 243
235 291
235 295
236 297
237 245
237 291
238 280
239 247
239 264
239 276
239 290
240 250
240 263
240 294
240 938
241 252
243 249
243 287
243 288
243 732
244 281
245 253
245 266
246 258
246 295
247 267
247 269
248 255
248 258
248 297
249 505
250 259
250 298
251 266
251 274
251 296
251 315
252 259
252 268
254 265
254 274
254 281
255 283
256 291
257 277
257 279
257 297
257 927
258 289
258 292
258 299
259 263
259 270
259 909
261 299
262 263
262 274
262 295
262 761
263 265
263 293
263 296
264 289
265 266
266 289
266 299
267 293
268 282
268 296
268 821
269 406
270 282
270 283
271 277
271 297
272 284
272 778
272 929
273 274
273 277
273 547
274 296
274 299
274 502
275 277
275 279
275 441
276 463
277 278
277 827
278 284
278 289
278 296
278 299
278 848
279 281
279 284
279 296
279 930
280 283
280 385
280 921
281 299
282 284
282 457
283 288
283 293
284 285
284 291
284 936
286 288
286 295
286 298
286 707
287 875
289 293
289 294
289 297
290 297
290 988
291 390
292 784
298 299
299 321
299 447
299 692
300 305
300 315
300 341
300 357
300 398
300 499
300 756
301 307
301 324
301 350
301 367
301 374
301 387
301 457
301 487
301 491
302 307
302 320
302 325
302 368
302 369
302 418
302 419
302 427
302 464
302 476
303 344
303 372
303 377
303 386
303 414
303 439
303 446
303 452
303 470
303 489
303 498
303 556
303 962
304 306
304 323
304 371
304 374
304 406
304 453
304 454
304 455
304 460
304 466
304 494
305 308
305 322
305 325
305 370
305 382
305 384
305 398
305 425
305 459
305 479
305 490
305 623
305 765
306 329
306 344
306 363
306 407
306 421
306 441
306 444
306 464
306 478
306 498
307 308
307 316
307 318
307 319
307 363
307 385
307 400
307 422
307 475
307 476
307 487
307 492
307 655
308 317
308 363
308 372
308 398
308 421
308 428
308 432
308 448
308 450
308 456
308 468
308 498
309 337
309 339
309 342
309 343
309 346
309 351
309 361
309 404
309 465
309 482
309 546
310 318
310 319
310 327
310 328
310 340
310 358
310 361
310 385
310 387
310 429
310 432
310 442
310 444
310 445
310 458
310 462
311 366
311 371
311 439
311 487
312 328
312 345
312 364
312 457
312 465
313 321
313 326
313 354
313 362
313 379
313 401
313 413
313 417
313 460
313 461
313 498
314 320
314 335
314 356
314 361
314 375
314 441
314 449
314 450
314 466
314 470
314 481
315 349
315 357
315 363
315 365
315 397
315 407
315 455
315 457
315 475
316 318
316 327
316 342
316 355
316 375
316 386
316 437
316 438
316 445
316 451
316 481
316 494
316 902
317 333
317 342
317 360
317 364
317 384
317 460
318 384
318 399
318 402
318 448
319 327
319 340
319 358
319 401
319 422
319 450
319 451
320 365
320 408
320 418
320 449
321 336
321 339
321 345
321 350
321 352
321 354
321 355
321 374
321 392
321 397
321 403
321 409
321 413
321 414
321 447
321 453
321 486
322 334
322 359
322 371
322 381
322 389
322 433
322 442
322 456
322 480
323 335
323 364
323 366
323 374
323 429
323 436
323 445
323 454
323 463
323 471
323 498
323 901
323 905
324 426
324 440
324 446
324 457
324 465
325 351
325 356
325 382
325 388
325 396
325 401
325 447
325 454
325 481
325 490
325 495
326 344
326 426
326 429
326 444
326 451
327 351
327 355
327 378
327 393
327 429
327 480
327 495
327 678
328 336
328 393
328 404
328 419
328 427
328 471
328 479
328 495
328 986
329 377
329 392
329 419
329 447
329 455
329 473
329 491
330 358
330 369
330 371
330 393
330 412
330 473
330 486
331 351
331 358
331 377
331 386
331 411
331 433
331 441
331 453
331 474
331 476
331 484
331 490
332 354
332 397
332 398
332 418
332 459
332 468
332 479
333 365
333 382
333 390
333 419
333 422
333 427
333 434
333 441
333 945
334 359
334 367
334 439
334 455
334 463
334 472
335 337
335 339
335 344
335 376
335 383
335 398
335 426
335 460
335 484
335 939
336 354
336 371
336 379
336 380
336 391
336 395
336 409
336 427
336 429
336 436
336 438
336 451
337 345
337 395
337 420
337 430
337 432
337 441
337 444
337 457
337 479
337 482
337 485
337 491
338 341
338 345
338 358
338 371
338 392
338 393
338 408
338 426
338 434
338 494
338 661
339 361
339 368
339 387
339 401
339 408
339 423
339 447
339 492
340 362
340 364
340 384
340 441
340 446
340 470
340 493
340 497
341 349
341 356
341 362
341 392
341 413
341 420
341 440
341 452
342 360
342 362
342 371
342 394
342 442
342 461
342 465
342 475
342 487
342 489
343 355
343 381
343 386
343 421
343 424
343 430
343 435
343 447
343 448
343 466
343 481
343 498
344 350
344 353
344 387
344 417
344 418
344 429
344 435
344 482
344 993
345 355
345 376
345 381
345 397
345 407
345 421
345 440
345 447
345 477
345 488
345 492
346 410
346 419
346 434
346 444
346 469
346 491
347 376
347 406
347 415
347 451
348 378
348 391
348 396
348 400
348 425
348 445
348 471
348 480
348 483
348 487
349 351
349 379
349 433
350 354
350 389
350 394
350 416
350 430
350 442
350 450
351 411
351 428
351 430
351 437
351 449
351 454
351 466
351 490
351 494
352 353
352 357
352 380
352 385
352 391
352 400
353 373
353 386
353 387
353 398
353 401
353 405
353 479
353 482
353 494
354 355
354 362
354 397
354 497
355 365
355 377
355 389
355 394
355 406
355 407
355 422
355 449
355 453
355 462
355 465
355 468
356 357
356 371
356 374
356 419
356 489
357 385
357 414
357 434
357 450
357 456
357 604
358 368
358 369
358 370
358 375
358 395
358 445
358 498
359 388
359 411
359 440
359 452
359 457
359 470
359 498
360 397
360 442
360 444
360 449
360 477
360 481
361 402
361 408
361 439
362 371
362 382
362 390
362 417
362 464
363 369
363 374
363 407
363 441
363 487
363 489
364 386
364 398
364 418
364 462
364 475
365 402
365 408
365 428
365 431
365 439
365 445
365 452
365 454
365 462
365 488
365 544
366 379
366 385
366 427
366 482
366 494
366 843
367 369
367 382
367 415
367 426
367 433
367 434
367 462
367 487
367 489
367 498
368 400
368 456
369 373
369 378
369 391
369 471
369 473
369 484
369 491
369 493
370 396
370 469
370 486
370 491
371 395
371 422
371 445
371 446
371 452
371 457
371 460
371 469
371 484
372 373
372 390
372 394
372 423
372 466
372 477
373 385
373 394
373 402
373 404
373 407
373 450
373 451
373 555
373 822
374 376
374 398
374 438
374 470
374 490
374 491
375 410
375 420
375 430
375 437
375 443
375 447
375 460
375 463
375 467
376 384
376 396
376 412
376 416
376 436
376 473
376 497
377 394
377 446
377 452
377 464
377 465
377 466
377 474
377 484
378 398
378 409
378 427
378 464
378 692
379 388
379 411
379 429
379 447
379 450
379 463
379 468
380 390
380 417
380 443
380 454
380 469
381 397
381 423
381 440
381 447
381 449
381 454
381 461
381 466
381 481
381 492
382 392
382 401
382 406
382 432
382 471
382 478
382 487
382 498
383 394
383 401
383 437
383 438
383 451
383 456
384 409
384 416
384 444
384 447
384 474
384 477
384 497
385 415
385 416
385 420
385 442
385 450
385 456
385 483
385 496
386 391
386 397
386 490
387 464
387 474
387 988
388 428
388 465
388 468
388 482
388 492
388 496
389 408
389 457
389 482
389 490
390 454
390 455
390 459
390 496
390 603
391 396
391 424
391 430
391 494
391 496
392 395
392 402
392 411
392 436
392 440
393 417
393 449
393 464
393 467
393 477
393 482
393 483
394 400
394 406
394 418
394 423
394 448
394 482
395 410
395 413
395 429
395 431
395 473
396 397
396 442
396 475
396 499
396 997
397 437
397 456
397 467
398 442
398 449
398 479
398 496
399 441
399 451
399 472
400 407
400 422
400 657
401 407
401 409
401 445
401 463
402 439
402 456
402 468
402 471
403 405
403 419
403 453
403 469
403 499
403 746
404 405
404 411
404 415
404 429
404 445
404 480
404 481
405 410
405 414
405 455
405 485
406 443
406 462
406 491
407 491
408 444
408 447
408 463
408 466
408 472
408 481
408 494
408 497
408 499
409 416
409 427
409 437
409 441
409 456
409 460
409 465
409 496
409 498
410 412
410 425
410 451
410 458
410 470
410 480
410 484
411 455
411 461
411 465
411 469
411 683
412 414
412 430
412 488
412 499
413 415
413 441
413 450
413 473
413 482
413 484
414 426
414 460
414 465
415 453
415 470
415 488
415 493
416 478
417 421
417 427
417 433
417 436
417 461
417 474
418 446
418 491
418 492
419 426
419 440
419 448
419 454
419 462
419 463
419 472
419 496
421 445
421 455
421 491
421 492
421 498
423 434
423 458
423 464
423 481
423 486
423 495
423 498
424 426
424 438
424 461
424 466
424 496
424 913
425 478
426 435
426 437
427 431
427 443
427 483
428 436
428 458
428 459
428 471
428 481
428 488
428 903
429 440
429 441
429 445
430 437
430 439
430 441
430 457
430 479
430 495
431 442
431 472
432 442
432 456
432 461
432 463
432 470
433 456
433 462
433 464
433 479
434 441
434 456
434 499
435 456
435 465
435 489
435 494
436 456
436 493
436 494
436 719
437 496
438 444
438 447
438 485
438 724
439 446
439 469
439 470
439 478
439 479
439 483
439 484
440 444
440 472
440 485
440 490
441 456
441 457
441 473
441 476
441 490
442 465
442 484
444 464
445 483
445 486
446 480
446 481
447 460
447 465
447 472
447 499
448 477
449 498
450 456
450 462
450 482
451 475
452 486
453 477
453 484
453 524
454 460
455 457
455 464
455 484
455 490
455 497
455 528
456 462
456 469
456 484
457 459
457 471
457 480
457 496
458 487
458 495
459 464
459 465
459 472
459 480
459 485
459 491
460 486
461 472
461 485
462 466
463 490
463 588
463 640
465 467
465 474
465 497
465 498
468 491
468 499
469 485
469 650
470 473
470 512
470 730
471 478
471 902
472 497
473 497
473 868
474 497
475 799
476 480
477 491
478 496
479 495
481 483
483 484
484 489
485 487
486 487
488 643
489 495
489 916
492 766
492 992
493 565
495 496
500 516
500 570
500 572
500 595
500 598
500 615
500 622
500 640
500 652
500 657
500 684
500 706
500 731
500 733
500 743
500 745
500 761
500 938
500 993
501 505
501 510
501 525
501 579
501 617
501 630
501 632
501 642
501 658
501 660
501 671
501 674
501 677
501 687
501 744
501 755
501 774
501 822
501 844
501 861
501 886
501 915
501 928
501 936
501 999
502 508
502 522
502 526
502 565
502 570
502 588
502 601
502 619
502 622
502 623
502 650
502 677
502 714
502 729
502 748
502 772
502 820
502 855
502 893
502 896
502 974
502 983
503 518
503 547
503 616
503 624
503 660
503 661
503 680
503 682
503 683
503 729
503 768
503 841
503 878
503 882
503 894
503 896
503 902
503 905
503 926
504 513
504 514
504 520
504 544
504 567
504 610
504 629
504 690
504 708
504 728
504 739
504 747
504 753
504 791
504 800
504 809
504 811
504 816
504 871
504 872
504 893
504 908
504 918
504 941
504 948
504 964
504 996
505 519
505 541
505 556
505 580
505 593
505 618
505 630
505 632
505 649
505 687
505 690
505 710
505 722
505 746
505 747
505 757
505 775
505 784
505 802
505 837
505 848
505 869
505 875
505 892
505 927
505 985
506 509
506 516
506 522
506 527
506 534
506 536
506 558
506 566
506 634
506 688
506 735
506 740
506 758
506 784
506 809
506 843
506 891
506 898
506 917
506 942
506 973
506 996
507 516
507 528
507 536
507 558
507 588
507 591
507 609
507 614
507 625
507 635
507 655
507 671
507 677
507 694
507 722
507 737
507 771
507 823
507 849
507 870
507 917
507 920
507 964
507 977
507 995
508 530
508 556
508 608
508 612
508 624
508 633
508 650
508 651
508 741
508 757
508 768
508 820
508 826
508 878
508 882
508 886
508 899
508 925
508 951
509 531
509 557
509 595
509 605
509 619
509 624
509 637
509 639
509 644
509 653
509 693
509 694
509 718
509 730
509 757
509 796
509 816
509 867
509 879
509 882
509 891
509 947
509 951
509 966
509 978
509 980
509 993
509 995
510 516
510 524
510 532
510 559
510 560
510 577
510 586
510 589
510 595
510 621
510 639
510 713
510 717
510 793
510 797
510 893
510 942
510 966
510 969
511 524
511 549
511 551
511 564
511 621
511 626
511 631
511 657
511 667
511 690
511 701
511 708
511 796
511 798
511 804
511 832
511 855
511 858
511 868
511 877
511 892
511 907
511 970
511 975
512 517
512 531
512 570
512 592
512 612
512 639
512 668
512 683
512 713
512 747
512 778
512 796
512 800
512 846
512 849
512 856
512 886
512 951
512 955
512 965
512 975
512 999
513 556
513 605
513 666
513 676
513 678
513 745
513 793
513 796
513 808
513 852
513 881
513 886
513 894
513 906
513 916
513 967
513 994
514 515
514 533
514 538
514 540
514 544
514 563
514 567
514 569
514 597
514 602
514 605
514 616
514 626
514 658
514 668
514 673
514 682
514 716
514 723
514 734
514 741
514 770
514 786
514 792
514 797
514 810
514 818
514 823
514 826
514 829
514 838
514 841
514 888
514 934
514 936
514 980
514 986
515 519
515 529
515 538
515 540
515 548
515 552
515 555
515 600
515 613
515 619
515 635
515 671
515 695
515 713
515 719
515 774
515 783
515 799
515 820
515 887
515 926
515 939
515 941
516 524
516 557
516 596
516 598
516 665
516 686
516 707
516 773
516 793
516 802
516 829
516 879
516 883
516 890
516 979
516 982
516 998
517 570
517 580
517 584
517 619
517 631
517 642
517 649
517 669
517 670
517 707
517 722
517 730
517 733
517 765
517 795
517 797
517 800
517 839
517 843
517 857
517 879
517 886
517 892
517 898
517 901
517 918
517 928
517 943
517 982
517 985
518 519
518 523
518 535
518 548
518 609
518 614
518 616
518 624
518 637
518 715
518 731
518 747
518 776
518 783
518 821
518 858
518 877
518 881
518 892
518 939
518 979
518 992
518 993
519 587
519 613
519 646
519 675
519 696
519 703
519 744
519 762
519 792
519 820
519 835
519 847
519 852
519 874
519 877
519 892
519 916
519 922
519 953
519 962
519 970
519 982
519 993
520 528
520 551
520 562
520 569
520 589
520 665
520 667
520 690
520 781
520 791
520 793
520 829
520 854
520 944
520 952
520 964
521 558
521 565
521 580
521 585
521 600
521 611
521 632
521 662
521 668
521 694
521 742
521 793
521 806
521 833
521 842
521 845
521 890
521 891
521 906
521 907
521 908
521 918
521 921
521 929
521 947
521 949
521 956
521 961
521 987
521 991
521 998
521 999
522 523
522 543
522 545
522 568
522 604
522 608
522 610
522 640
522 663
522 668
522 691
522 696
522 703
522 721
522 732
522 737
522 807
522 817
522 834
522 877
522 878
522 889
522 893
522 910
522 916
522 931
522 933
522 935
522 940
522 967
522 987
523 559
523 563
523 571
523 594
523 601
523 604
523 606
523 608
523 623
523 698
523 752
523 769
523 834
523 841
523 850
523 860
523 868
523 906
523 922
523 935
523 937
523 948
523 953
523 963
524 532
524 533
524 551
524 603
524 604
524 606
524 608
524 618
524 635
524 638
524 650
524 655
524 657
524 664
524 681
524 695
524 723
524 761
524 814
524 863
524 889
524 892
524 899
524 919
524 932
524 935
524 953
524 960
524 973
525 529
525 531
525 540
525 548
525 549
525 595
525 637
525 659
525 660
525 683
525 684
525 697
525 709
525 738
525 740
525 746
525 756
525 770
525 784
525 812
525 857
525 861
525 862
525 905
525 907
525 939
525 959
525 993
526 529
526 530
526 546
526 554
526 569
526 577
526 578
526 580
526 582
526 595
526 611
526 620
526 643
526 665
526 675
526 693
526 700
526 726
526 732
526 741
526 746
526 826
526 890
526 896
526 897
526 912
526 961
526 981
526 999
527 541
527 542
527 603
527 618
527 645
527 647
527 738
527 743
527 748
527 765
527 791
527 807
527 827
527 832
527 855
527 868
527 873
527 884
527 914
527 932
527 934
527 971
527 981
528 530
528 608
528 638
528 639
528 641
528 673
528 704
528 709
528 817
528 824
528 853
528 861
528 873
528 881
528 887
528 924
528 929
528 957
528 976
529 537
529 557
529 599
529 617
529 618
529 621
529 644
529 650
529 678
529 719
529 766
529 767
529 829
529 837
529 864
529 868
529 917
529 927
529 928
529 944
529 961
529 995
530 535
530 539
530 552
530 571
530 601
530 613
530 659
530 662
530 665
530 679
530 702
530 764
530 769
530 772
530 776
530 806
530 816
530 826
530 841
530 853
530 869
530 872
530 874
530 908
530 915
530 954
530 973
530 997
531 532
531 541
531 547
531 563
531 586
531 592
531 595
531 710
531 766
531 779
531 781
531 792
531 809
531 811
531 817
531 826
531 858
531 879
531 921
531 929
531 930
531 936
531 963
531 973
531 993
531 994
531 995
531 997
531 998
532 540
532 541
532 551
532 567
532 576
532 597
532 601
532 606
532 643
532 646
532 684
532 696
532 711
532 716
532 760
532 783
532 838
532 855
532 892
532 923
532 977
533 551
533 552
533 600
533 613
533 628
533 642
533 661
533 724
533 745
533 840
533 841
533 843
533 900
533 912
533 959
534 544
534 567
534 628
534 633
534 677
534 678
534 679
534 694
534 698
534 710
534 715
534 732
534 743
534 747
534 762
534 773
534 786
534 808
534 813
534 843
534 865
534 908
534 917
534 920
534 925
534 983
534 991
535 603
535 651
535 655
535 657
535 679
535 705
535 707
535 729
535 734
535 747
535 782
535 784
535 807
535 864
535 867
535 870
535 884
535 888
535 910
535 949
535 959
535 968
536 538
536 546
536 569
536 575
536 611
536 623
536 641
536 650
536 672
536 687
536 709
536 740
536 747
536 783
536 787
536 824
536 827
536 867
536 871
536 885
536 898
536 902
536 928
536 939
536 950
536 977
536 980
536 989
536 994
537 548
537 549
537 614
537 674
537 676
537 684
537 730
537 799
537 800
537 820
537 836
537 862
537 885
537 897
537 903
537 967
537 974
538 559
538 571
538 580
538 586
538 609
538 639
538 652
538 674
538 685
538 756
538 773
538 779
538 788
538 816
538 826
538 858
538 860
538 889
538 899
538 906
538 925
538 932
538 975
538 984
539 551
539 557
539 568
539 582
539 608
539 687
539 707
539 731
539 733
539 780
539 827
539 833
539 835
539 860
539 866
539 874
539 900
539 912
539 949
539 967
539 973
539 987
540 542
540 569
540 579
540 591
540 604
540 624
540 650
540 667
540 690
540 691
540 723
540 724
540 731
540 741
540 756
540 767
540 781
540 798
540 799
540 806
540 842
540 850
540 854
540 890
540 892
540 936
540 961
540 971
540 994
541 556
541 557
541 563
541 567
541 569
541 593
541 604
541 609
541 619
541 645
541 655
541 665
541 695
541 729
541 779
541 832
541 835
541 870
541 894
541 906
541 909
541 971
541 992
541 994
542 544
542 579
542 584
542 590
542 609
542 620
542 637
542 673
542 674
542 700
542 705
542 721
542 723
542 735
542 748
542 760
542 792
542 825
542 835
542 837
542 894
542 906
542 908
542 956
542 991
543 544
543 589
543 591
543 643
543 644
543 676
543 681
543 683
543 691
543 709
543 729
543 742
543 758
543 761
543 772
543 773
543 849
543 870
543 881
543 942
543 947
543 948
543 961
543 964
543 983
544 585
544 593
544 610
544 611
544 615
544 619
544 643
544 695
544 700
544 743
544 771
544 774
544 782
544 794
544 804
544 827
544 839
544 845
544 864
544 872
544 954
544 956
544 960
544 978
545 546
545 572
545 579
545 639
545 655
545 694
545 696
545 718
545 743
545 772
545 795
545 813
545 842
545 872
545 892
545 930
545 935
545 951
545 955
545 960
546 561
546 652
546 656
546 694
546 701
546 717
546 745
546 748
546 750
546 795
546 796
546 803
546 814
546 838
546 839
546 858
546 875
546 881
546 904
547 591
547 598
547 622
547 628
547 675
547 690
547 716
547 745
547 775
547 776
547 781
547 782
547 783
547 785
547 824
547 836
547 872
547 881
547 883
547 891
547 896
547 898
547 905
547 919
547 949
547 968
547 975
548 576
548 633
548 656
548 657
548 666
548 667
548 682
548 704
548 716
548 724
548 765
548 772
548 794
548 796
548 804
548 807
548 818
548 848
548 852
548 890
548 899
548 900
548 936
548 937
548 955
549 555
549 577
549 580
549 586
549 608
549 609
549 612
549 652
549 674
549 678
549 716
549 717
549 731
549 737
549 748
549 754
549 769
549 779
549 828
549 834
549 841
549 889
549 900
549 912
549 925
549 975
549 992
549 994
550 552
550 553
550 573
550 577
550 581
550 603
550 627
550 674
550 693
550 712
550 736
550 830
550 833
550 851
550 861
550 865
550 889
550 892
550 894
550 940
550 970
551 578
551 708
551 729
551 734
551 746
551 778
551 788
551 798
551 847
551 858
551 859
551 863
551 869
551 870
551 879
551 925
551 935
551 950
552 559
552 602
552 612
552 622
552 633
552 641
552 659
552 669
552 677
552 707
552 728
552 741
552 743
552 746
552 765
552 767
552 775
552 784
552 820
552 825
552 831
552 870
552 968
552 970
552 972
553 590
553 602
553 622
553 628
553 630
553 703
553 730
553 731
553 738
553 747
553 771
553 791
553 805
553 821
553 824
553 845
553 878
553 910
553 926
553 933
553 941
553 998
554 557
554 560
554 561
554 576
554 591
554 597
554 647
554 708
554 718
554 722
554 730
554 736
554 764
554 783
554 785
554 786
554 806
554 829
554 879
554 882
554 889
554 893
554 909
554 920
554 959
554 965
554 977
555 588
555 638
555 685
555 702
555 738
555 739
555 744
555 760
555 839
555 852
555 872
555 888
555 899
555 904
555 915
555 931
555 943
555 960
555 969
555 980
555 998
556 570
556 576
556 587
556 593
556 606
556 626
556 630
556 652
556 677
556 724
556 763
556 801
556 826
556 847
556 858
556 875
556 883
556 907
556 923
556 944
556 950
556 977
557 561
557 595
557 627
557 632
557 647
557 690
557 700
557 709
557 717
557 727
557 728
557 762
557 812
557 814
557 827
557 848
557 853
557 861
557 868
557 883
557 897
557 899
557 906
557 916
557 937
557 939
557 945
557 983
558 592
558 603
558 615
558 619
558 627
558 631
558 650
558 709
558 721
558 769
558 832
558 931
558 941
558 971
559 578
559 608
559 690
559 691
559 722
559 733
559 791
559 810
559 854
559 866
559 874
559 986
559 993
560 590
560 594
560 603
560 638
560 655
560 660
560 702
560 748
560 761
560 817
560 836
560 870
560 911
560 912
560 980
560 995
561 565
561 571
561 573
561 584
561 595
561 638
561 651
561 670
561 692
561 694
561 715
561 722
561 747
561 853
561 855
561 873
561 878
561 899
561 918
561 933
561 948
561 959
561 960
562 565
562 591
562 618
562 630
562 646
562 650
562 653
562 654
562 660
562 684
562 687
562 706
562 707
562 729
562 758
562 767
562 787
562 788
562 803
562 807
562 810
562 816
562 834
562 872
562 907
562 978
563 581
563 656
563 678
563 761
563 763
563 768
563 769
563 775
563 849
563 863
563 931
563 936
563 939
563 946
563 965
563 974
564 573
564 575
564 583
564 599
564 601
564 631
564 660
564 662
564 688
564 692
564 811
564 854
564 865
564 884
564 910
564 917
564 922
564 942
564 955
564 995
564 997
565 566
565 604
565 633
565 673
565 716
565 735
565 739
565 741
565 764
565 768
565 799
565 836
565 845
565 886
565 904
565 934
565 938
565 955
565 992
565 999
566 567
566 572
566 616
566 625
566 631
566 673
566 700
566 726
566 733
566 734
566 752
566 772
566 812
566 835
566 865
566 869
566 890
566 896
566 912
566 944
566 954
566 992
567 568
567 576
567 591
567 594
567 610
567 651
567 658
567 708
567 733
567 743
567 747
567 755
567 763
567 780
567 801
567 814
567 826
567 846
567 850
567 853
567 898
567 943
567 946
568 601
568 603
568 608
568 616
568 619
568 729
568 738
568 796
568 813
568 870
568 877
568 889
568 894
568 917
568 918
568 930
568 965
568 972
568 981
568 992
569 573
569 583
569 586
569 595
569 598
569 612
569 621
569 627
569 640
569 646
569 652
569 693
569 716
569 721
569 723
569 737
569 742
569 746
569 794
569 797
569 803
569 808
569 810
569 827
569 833
569 874
569 897
569 903
569 959
569 992
570 580
570 605
570 617
570 639
570 642
570 644
570 646
570 652
570 673
570 677
570 714
570 732
570 747
570 754
570 760
570 833
570 873
570 891
570 904
570 920
570 925
571 576
571 671
571 676
571 693
571 739
571 759
571 780
571 799
571 829
571 838
571 847
571 860
571 867
571 883
571 885
571 901
571 967
571 978
571 994
571 996
572 632
572 649
572 680
572 684
572 733
572 759
572 762
572 770
572 796
572 839
572 857
572 948
572 973
573 601
573 630
573 655
573 658
573 718
573 735
573 763
573 765
573 775
573 814
573 821
573 847
573 861
573 864
573 868
573 880
573 882
573 884
573 886
573 891
573 926
573 947
573 949
573 958
573 965
573 992
574 577
574 590
574 596
574 628
574 654
574 698
574 702
574 710
574 734
574 764
574 794
574 800
574 807
574 811
574 831
574 858
574 901
574 906
574 907
574 909
574 926
574 934
574 935
574 945
574 963
574 974
575 577
575 604
575 627
575 679
575 688
575 689
575 723
575 724
575 732
575 735
575 754
575 783
575 801
575 871
575 878
575 891
575 899
575 902
575 916
575 957
575 978
575 979
575 983
576 584
576 605
576 613
576 614
576 669
576 674
576 724
576 785
576 793
576 800
576 870
576 874
576 885
576 887
576 891
576 929
576 932
576 942
576 943
576 947
576 954
577 592
577 600
577 602
577 635
577 661
577 690
577 714
577 732
577 733
577 798
577 807
577 828
577 838
577 857
577 870
577 873
577 881
577 900
577 901
577 902
577 951
577 995
578 579
578 582
578 593
578 626
578 657
578 678
578 714
578 717
578 733
578 760
578 767
578 771
578 782
578 790
578 835
578 882
578 888
578 915
578 938
578 973
579 584
579 645
579 650
579 718
579 721
579 722
579 723
579 740
579 751
579 775
579 780
579 796
579 818
579 828
579 837
579 839
579 841
579 854
579 869
579 874
579 883
579 889
579 921
579 936
579 944
579 958
579 999
580 584
580 591
580 613
580 616
580 636
580 642
580 666
580 743
580 746
580 749
580 756
580 768
580 787
580 793
580 799
580 812
580 834
580 840
580 880
580 929
580 943
580 972
581 624
581 628
581 630
581 663
581 671
581 699
581 722
581 812
581 817
581 874
581 896
581 940
581 945
581 946
581 967
581 979
581 987
581 989
582 591
582 600
582 605
582 649
582 659
582 662
582 686
582 727
582 729
582 731
582 742
582 747
582 751
582 759
582 776
582 783
582 814
582 897
582 907
582 921
582 931
582 986
583 599
583 619
583 637
583 657
583 665
583 709
583 710
583 715
583 717
583 791
583 803
583 818
583 839
583 840
583 862
583 867
583 883
583 930
583 942
583 961
583 976
583 986
584 594
584 633
584 656
584 674
584 679
584 683
584 731
584 748
584 781
584 808
584 866
584 871
584 901
584 922
584 932
584 954
584 970
584 975
585 623
585 659
585 669
585 700
585 704
585 724
585 728
585 735
585 741
585 750
585 762
585 778
585 791
585 802
585 803
585 814
585 817
585 880
585 885
585 929
585 951
585 981
585 983
586 591
586 606
586 618
586 632
586 652
586 670
586 696
586 741
586 748
586 755
586 771
586 809
586 839
586 840
586 845
586 849
586 902
586 913
586 919
586 930
586 962
587 598
587 614
587 646
587 696
587 704
587 709
587 710
587 715
587 739
587 781
587 784
587 824
587 829
587 841
587 849
587 863
587 868
587 888
587 899
587 908
587 909
587 911
587 920
587 937
587 960
587 962
587 967
587 971
587 975
587 999
588 603
588 604
588 620
588 632
588 635
588 673
588 688
588 714
588 719
588 734
588 796
588 823
588 828
588 834
588 877
588 878
588 880
588 889
588 910
588 930
588 939
588 953
588 956
588 993
589 626
589 636
589 674
589 747
589 771
589 773
589 784
589 788
589 810
589 824
589 833
589 873
589 909
589 932
589 938
589 969
589 972
590 619
590 620
590 628
590 694
590 724
590 732
590 744
590 785
590 792
590 861
590 878
590 903
590 934
590 948
590 967
590 985
590 992
591 597
591 613
591 617
591 642
591 672
591 708
591 711
591 736
591 769
591 823
591 831
591 840
591 850
591 872
591 875
591 885
591 907
591 990
592 593
592 623
592 633
592 658
592 699
592 705
592 731
592 758
592 763
592 766
592 790
592 799
592 803
592 866
592 882
592 888
592 894
592 909
592 931
592 946
592 954
592 967
593 608
593 639
593 663
593 675
593 734
593 761
593 765
593 773
593 781
593 803
593 818
593 828
593 844
593 870
593 872
593 878
593 892
593 901
593 920
593 942
593 955
593 959
593 973
593 975
593 993
594 664
594 729
594 736
594 745
594 746
594 754
594 765
594 792
594 807
594 811
594 820
594 841
594 850
594 852
594 854
594 878
594 880
594 883
594 892
594 907
594 917
594 937
594 947
594 953
594 986
594 991
594 997
595 606
595 612
595 632
595 637
595 682
595 690
595 721
595 739
595 743
595 754
595 758
595 808
595 856
595 871
595 872
595 921
595 957
595 999
596 619
596 668
596 670
596 671
596 675
596 702
596 730
596 801
596 818
596 860
596 861
596 899
596 901
596 913
596 942
596 977
596 994
597 599
597 601
597 634
597 638
597 661
597 662
597 675
597 705
597 713
597 725
597 726
597 749
597 766
597 768
597 852
597 867
597 872
597 891
597 892
597 910
597 914
597 949
597 967
597 994
598 608
598 619
598 661
598 702
598 755
598 837
598 869
598 881
598 885
598 892
598 937
599 634
599 635
599 647
599 682
599 685
599 750
599 770
599 788
599 813
599 815
599 873
599 891
599 907
599 942
599 947
599 950
599 971
599 983
600 618
600 678
600 696
600 713
600 717
600 726
600 732
600 799
600 851
600 853
600 864
600 867
600 949
600 983
601 607
601 618
601 641
601 654
601 666
601 685
601 714
601 751
601 752
601 809
601 818
601 828
601 837
601 886
601 897
601 922
601 933
601 972
601 991
602 606
602 608
602 624
602 693
602 711
602 725
602 734
602 742
602 769
602 777
602 780
602 796
602 800
602 826
602 831
602 842
602 847
602 905
602 916
602 966
602 968
602 971
603 627
603 630
603 641
603 646
603 678
603 684
603 703
603 710
603 715
603 716
603 728
603 733
603 756
603 765
603 855
603 865
603 893
603 897
603 909
603 924
603 928
603 944
603 946
603 952
603 987
604 624
604 652
604 671
604 704
604 718
604 727
604 733
604 796
604 840
604 849
604 854
604 909
604 964
604 971
604 985
604 994
605 620
605 634
605 671
605 699
605 708
605 724
605 731
605 741
605 751
605 752
605 763
605 788
605 792
605 814
605 824
605 836
605 856
605 905
605 907
605 913
605 923
605 938
605 955
605 966
605 971
606 654
606 743
606 771
606 784
606 816
606 840
606 842
606 994
606 999
607 608
607 654
607 655
607 694
607 705
607 706
607 712
607 816
607 822
607 831
607 897
607 912
607 915
607 922
607 929
607 932
608 621
608 676
608 695
608 704
608 712
608 725
608 728
608 775
608 803
608 815
608 831
608 857
608 864
608 878
608 906
608 910
608 920
608 976
608 978
609 641
609 658
609 715
609 723
609 738
609 780
609 787
609 809
609 814
609 836
609 854
609 869
609 897
609 898
609 913
609 919
609 928
609 943
609 944
609 991
610 614
610 619
610 631
610 649
610 658
610 666
610 669
610 687
610 709
610 724
610 732
610 746
610 775
610 832
610 837
610 838
610 858
610 875
610 954
611 615
611 619
611 626
611 630
611 639
611 675
611 726
611 762
611 775
611 819
611 837
611 868
611 940
611 964
611 974
612 627
612 643
612 671
612 729
612 736
612 788
612 813
612 885
612 902
612 913
612 953
612 958
612 992
612 994
613 614
613 616
613 619
613 633
613 649
613 650
613 670
613 675
613 684
613 737
613 767
613 815
613 826
613 877
613 896
613 903
613 914
613 921
613 957
613 958
613 960
613 971
613 988
613 990
614 621
614 633
614 640
614 654
614 686
614 734
614 737
614 738
614 818
614 828
614 851
614 864
614 866
614 867
614 872
614 899
614 906
614 909
614 916
614 963
614 983
614 984
615 626
615 668
615 692
615 701
615 713
615 716
615 743
615 755
615 781
615 806
615 829
615 844
615 855
615 864
615 870
615 887
615 939
615 955
615 956
615 961
615 971
615 974
616 618
616 656
616 670
616 676
616 679
616 693
616 703
616 777
616 801
616 811
616 818
616 832
616 836
616 862
616 864
616 900
616 938
616 939
616 974
616 986
617 629
617 631
617 644
617 684
617 691
617 699
617 705
617 751
617 761
617 790
617 815
617 839
617 852
617 875
617 876
617 878
617 886
617 911
617 918
617 968
618 626
618 651
618 670
618 678
618 723
618 738
618 744
618 757
618 760
618 771
618 806
618 832
618 834
618 837
618 838
618 884
618 897
618 911
618 923
618 950
618 970
618 978
619 641
619 658
619 686
619 726
619 754
619 756
619 761
619 789
619 813
619 848
619 850
619 853
619 869
619 882
619 910
619 923
619 933
619 965
619 971
619 980
619 996
620 660
620 662
620 707
620 751
620 761
620 795
620 796
620 817
620 833
620 840
620 850
620 862
620 864
620 871
620 893
620 915
620 924
620 934
620 952
620 963
620 987
621 628
621 639
621 643
621 653
621 695
621 723
621 726
621 735
621 741
621 747
621 764
621 778
621 808
621 813
621 817
621 837
621 849
621 854
621 868
621 881
621 892
621 931
621 947
621 971
621 976
621 983
621 985
622 644
622 657
622 675
622 699
622 717
622 733
622 742
622 853
622 856
622 860
622 861
622 867
622 883
622 893
622 894
622 920
622 928
622 960
622 993
623 624
623 655
623 668
623 677
623 686
623 722
623 747
623 784
623 796
623 797
623 861
623 882
623 895
623 906
623 908
623 910
623 935
623 947
623 963
623 997
624 627
624 639
624 655
624 662
624 665
624 667
624 675
624 684
624 693
624 699
624 710
624 717
624 743
624 755
624 767
624 782
624 789
624 827
624 841
624 875
624 888
624 908
624 924
624 929
624 940
624 944
624 955
624 988
625 640
625 667
625 685
625 698
625 707
625 728
625 776
625 799
625 800
625 806
625 847
625 854
625 896
625 910
625 912
625 940
625 991
626 632
626 667
626 713
626 729
626 737
626 747
626 749
626 791
626 859
626 873
626 933
626 972
626 988
627 650
627 690
627 740
627 748
627 772
627 774
627 777
627 794
627 814
627 823
627 827
627 854
627 893
627 903
627 907
627 931
627 964
628 674
628 686
628 694
628 696
628 697
628 715
628 718
628 757
628 776
628 788
628 801
628 821
628 840
628 843
628 844
628 861
628 866
628 881
628 917
628 943
629 685
629 688
629 699
629 723
629 771
629 795
629 800
629 826
629 833
629 834
629 837
629 868
629 906
629 922
629 952
629 956
629 966
629 982
629 989
629 999
630 641
630 649
630 661
630 689
630 715
630 717
630 745
630 748
630 754
630 756
630 764
630 828
630 837
630 884
630 896
630 924
630 947
630 952
630 960
630 981
631 656
631 688
631 689
631 693
631 700
631 722
631 731
631 739
631 741
631 745
631 749
631 754
631 773
631 798
631 816
631 825
631 827
631 835
631 861
631 863
631 935
632 677
632 692
632 714
632 728
632 823
632 846
632 848
632 855
632 882
632 897
632 907
632 927
632 948
632 956
632 965
632 979
633 659
633 695
633 708
633 709
633 745
633 749
633 773
633 791
633 793
633 856
633 863
633 882
633 898
633 908
633 910
633 918
633 961
633 971
633 976
633 998
634 642
634 654
634 661
634 730
634 768
634 788
634 808
634 846
634 870
634 898
634 952
635 691
635 695
635 746
635 754
635 756
635 774
635 796
635 833
635 843
635 850
635 855
635 885
635 891
635 896
635 904
635 918
635 919
635 926
635 929
635 963
635 991
636 682
636 711
636 733
636 739
636 749
636 808
636 851
636 864
636 888
636 943
637 651
637 726
637 731
637 741
637 781
637 800
637 827
637 828
637 845
637 870
637 887
637 900
637 906
637 911
637 929
637 969
637 974
637 991
638 645
638 648
638 665
638 683
638 687
638 690
638 691
638 696
638 699
638 705
638 745
638 752
638 755
638 769
638 787
638 793
638 795
638 797
638 825
638 843
638 846
638 858
638 896
638 926
638 935
638 948
638 954
638 967
638 973
639 647
639 656
639 687
639 700
639 705
639 723
639 729
639 753
639 757
639 758
639 782
639 787
639 876
639 892
639 898
639 912
639 954
639 955
639 972
640 647
640 679
640 697
640 715
640 719
640 725
640 729
640 733
640 737
640 750
640 753
640 762
640 797
640 809
640 820
640 841
640 845
640 865
640 914
640 923
640 930
640 944
640 951
640 963
640 964
640 989
641 665
641 693
641 702
641 715
641 720
641 755
641 781
641 800
641 803
641 821
641 885
641 893
641 904
641 954
641 972
641 976
641 985
642 653
642 658
642 661
642 665
642 697
642 789
642 817
642 884
642 887
642 904
642 906
642 907
642 912
642 941
642 942
642 948
642 955
642 962
642 993
643 687
643 697
643 743
643 748
643 752
643 762
643 776
643 806
643 887
643 901
643 925
643 929
643 941
643 957
644 649
644 657
644 667
644 693
644 732
644 735
644 761
644 762
644 767
644 778
644 780
644 806
644 819
644 821
644 825
644 863
644 878
644 940
644 956
644 988
645 660
645 662
645 683
645 720
645 727
645 745
645 746
645 782
645 850
645 864
645 881
645 934
645 935
646 647
646 667
646 696
646 721
646 759
646 771
646 830
646 843
646 845
646 846
646 876
646 896
646 922
646 948
646 953
646 975
647 674
647 689
647 700
647 710
647 714
647 716
647 719
647 724
647 764
647 787
647 866
647 874
647 898
647 907
647 908
647 942
647 955
647 965
647 981
647 987
647 997
648 649
648 654
648 732
648 746
648 759
648 845
648 865
648 903
648 958
648 994
649 706
649 708
649 721
649 735
649 746
649 756
649 781
649 801
649 840
649 848
649 875
649 897
649 919
649 934
649 952
650 685
650 694
650 716
650 745
650 751
650 766
650 771
650 811
650 820
650 837
650 838
650 852
650 875
650 883
650 890
650 897
650 928
650 936
650 941
651 671
651 711
651 739
651 760
651 786
651 788
651 807
651 822
651 860
651 865
651 915
651 944
652 661
652 673
652 674
652 675
652 683
652 692
652 697
652 702
652 709
652 719
652 741
652 749
652 773
652 823
652 829
652 844
652 850
652 861
652 897
652 902
652 922
652 980
652 993
652 995
653 665
653 723
653 731
653 740
653 764
653 792
653 798
653 817
653 837
653 847
653 883
653 943
653 973
653 986
654 657
654 697
654 710
654 715
654 717
654 719
654 758
654 780
654 790
654 832
654 833
654 846
654 857
654 891
654 929
655 712
655 719
655 729
655 731
655 734
655 739
655 747
655 750
655 760
655 804
655 813
655 844
655 854
655 856
655 892
655 908
655 934
655 997
656 687
656 720
656 723
656 730
656 782
656 792
656 806
656 828
656 841
656 857
656 872
656 874
656 909
656 916
656 922
656 929
656 950
656 951
657 661
657 684
657 733
657 816
657 822
657 909
657 913
657 947
657 974
657 981
657 982
657 983
658 667
658 670
658 674
658 686
658 687
658 712
658 794
658 831
658 851
658 876
658 908
658 944
658 954
658 956
658 966
658 993
659 667
659 685
659 691
659 731
659 736
659 743
659 774
659 816
659 860
659 875
659 912
659 931
659 998
660 712
660 722
660 775
660 787
660 814
660 865
660 927
660 960
660 962
660 971
661 688
661 716
661 758
661 770
661 781
661 814
661 826
661 838
661 871
661 918
661 923
661 951
661 958
662 675
662 731
662 747
662 752
662 762
662 811
662 825
662 851
662 865
662 895
662 897
662 920
662 928
662 929
662 962
662 966
663 683
663 690
663 693
663 710
663 716
663 736
663 749
663 760
663 763
663 782
663 809
663 820
663 831
663 851
663 860
663 945
663 961
663 966
663 971
664 677
664 755
664 756
664 759
664 760
664 780
664 784
664 801
664 830
664 836
664 843
664 846
664 877
664 880
664 881
664 959
664 967
664 970
665 704
665 721
665 722
665 750
665 759
665 781
665 785
665 796
665 801
665 844
665 862
665 866
665 878
665 929
665 935
665 963
665 966
665 992
666 692
666 750
666 751
666 849
666 878
666 916
666 923
666 964
666 989
667 693
667 710
667 745
667 750
667 763
667 802
667 819
667 822
667 824
667 829
667 844
667 849
667 850
667 872
667 882
667 906
667 916
667 934
667 968
667 984
667 985
668 689
668 691
668 705
668 723
668 732
668 780
668 785
668 816
668 833
668 875
668 876
668 902
668 919
668 937
668 938
668 956
668 964
668 966
668 972
669 674
669 695
669 702
669 708
669 721
669 722
669 736
669 751
669 771
669 810
669 823
669 827
669 834
669 846
669 966
669 968
669 995
670 675
670 680
670 699
670 717
670 791
670 816
670 830
670 860
670 881
670 912
670 916
670 952
670 956
670 975
670 979
670 990
671 688
671 691
671 692
671 704
671 717
671 739
671 759
671 763
671 768
671 783
671 802
671 817
671 870
671 878
671 895
671 905
671 914
671 915
671 918
671 946
671 988
672 747
672 751
672 770
672 771
672 823
672 829
672 866
672 872
672 891
672 903
672 920
672 924
672 933
672 976
672 988
672 989
673 706
673 716
673 740
673 748
673 798
673 831
673 841
673 869
673 878
673 899
673 907
673 913
673 964
674 783
674 784
674 794
674 798
674 806
674 834
674 844
674 896
674 906
674 910
674 912
674 920
674 926
674 969
674 988
674 995
675 682
675 699
675 705
675 741
675 766
675 771
675 785
675 794
675 843
675 923
675 954
675 957
675 974
675 984
675 990
676 698
676 717
676 735
676 741
676 756
676 760
676 766
676 774
676 801
676 804
676 805
676 814
676 829
676 830
676 831
676 846
676 942
676 946
676 998
677 683
677 735
677 764
677 769
677 793
677 796
677 813
677 830
677 850
677 933
677 984
678 685
678 689
678 696
678 698
678 727
678 766
678 793
678 823
678 825
678 834
678 839
678 864
678 867
678 869
678 899
678 959
678 973
679 680
679 694
679 697
679 705
679 708
679 753
679 777
679 837
679 853
679 860
679 874
679 913
679 916
679 967
679 975
679 985
679 989
680 689
680 753
680 756
680 792
680 823
680 879
680 889
680 893
680 925
680 934
680 941
680 946
680 965
681 721
681 738
681 750
681 779
681 793
681 851
681 855
681 861
681 920
681 929
681 955
682 684
682 726
682 755
682 790
682 794
682 801
682 803
682 804
682 828
682 852
682 862
682 883
682 910
682 929
682 999
683 700
683 731
683 733
683 748
683 817
683 873
683 892
683 894
683 925
683 935
683 954
684 710
684 752
684 755
684 766
684 770
684 839
684 845
684 856
684 891
684 897
684 911
684 912
684 930
684 960
684 963
684 971
684 991
685 691
685 714
685 715
685 733
685 741
685 747
685 766
685 774
685 790
685 806
685 811
685 819
685 831
685 836
685 838
685 848
685 850
685 882
685 890
685 899
685 909
685 910
685 922
685 940
685 941
685 961
685 977
685 980
685 984
685 989
685 995
686 705
686 747
686 754
686 823
686 827
686 832
686 864
686 871
686 893
686 900
686 910
686 921
686 931
686 940
687 697
687 735
687 761
687 770
687 814
687 822
687 845
687 890
687 921
687 934
687 964
687 985
687 988
687 989
687 998
688 743
688 749
688 762
688 763
688 775
688 778
688 793
688 805
688 815
688 820
688 824
688 827
688 864
688 888
688 902
688 937
688 948
688 956
688 973
688 996
689 717
689 720
689 749
689 750
689 770
689 798
689 862
689 886
689 887
689 897
689 927
689 939
689 945
689 960
689 964
689 966
689 974
689 992
690 718
690 722
690 727
690 732
690 796
690 797
690 807
690 808
690 872
690 877
690 878
690 893
690 901
690 931
690 947
690 959
690 989
690 993
691 696
691 731
691 754
691 782
691 788
691 803
691 806
691 821
691 832
691 851
691 881
691 882
691 917
691 945
691 975
692 707
692 708
692 715
692 721
692 733
692 778
692 782
692 818
692 834
692 841
692 876
692 877
692 882
692 927
692 933
692 952
692 956
692 969
693 705
693 715
693 720
693 723
693 731
693 759
693 780
693 788
693 798
693 805
693 808
693 812
693 825
693 891
693 915
693 944
694 741
694 752
694 774
694 783
694 823
694 825
694 833
694 851
694 858
694 863
694 886
694 888
694 901
694 912
694 928
694 942
694 950
694 959
694 974
694 994
695 699
695 716
695 729
695 761
695 778
695 859
695 875
695 900
695 940
695 944
695 986
695 996
696 715
696 755
696 777
696 796
696 804
696 810
696 814
696 822
696 841
696 852
696 863
696 868
696 891
696 906
696 912
696 953
696 964
696 969
696 988
697 713
697 716
697 739
697 757
697 758
697 763
697 837
697 843
697 848
697 864
697 930
697 949
697 970
697 983
697 989
698 720
698 784
698 787
698 789
698 812
698 845
698 851
698 886
698 896
698 899
698 934
698 951
698 954
698 968
698 974
698 982
699 705
699 730
699 773
699 799
699 804
699 818
699 828
699 846
699 861
699 880
699 907
699 928
699 952
699 956
699 962
699 974
699 994
700 715
700 737
700 743
700 749
700 751
700 807
700 841
700 842
700 868
700 871
700 873
700 889
700 916
700 923
700 933
701 727
701 734
701 766
701 776
701 783
701 789
701 810
701 811
701 813
701 843
701 845
701 878
701 933
701 971
701 982
701 993
702 709
702 711
702 715
702 729
702 747
702 766
702 771
702 778
702 791
702 798
702 810
702 858
702 861
702 912
702 914
702 972
702 996
703 708
703 725
703 765
703 772
703 777
703 787
703 807
703 872
703 901
703 962
703 985
704 720
704 732
704 742
704 750
704 755
704 766
704 769
704 780
704 791
704 808
704 845
704 855
704 861
704 882
704 894
704 897
704 905
704 906
704 967
705 781
705 786
705 799
705 827
705 846
705 878
705 887
705 895
705 915
705 931
705 967
706 724
706 732
706 742
706 749
706 755
706 769
706 843
706 857
706 858
706 885
706 904
706 906
706 936
707 733
707 746
707 750
707 765
707 767
707 768
707 802
707 817
707 830
707 832
707 835
707 886
707 887
707 922
707 984
707 994
707 995
708 724
708 740
708 753
708 805
708 850
708 852
708 890
708 905
708 911
708 931
708 947
708 990
708 992
709 722
709 733
709 735
709 750
709 756
709 790
709 809
709 811
709 816
709 831
709 907
709 928
709 930
709 958
709 967
709 969
710 738
710 770
710 778
710 823
710 907
710 920
710 951
710 958
710 969
710 993
711 721
711 732
711 733
711 756
711 759
711 773
711 792
711 810
711 837
711 848
711 868
711 882
711 895
711 919
711 925
711 937
711 939
711 998
711 999
712 726
712 771
712 792
712 795
712 834
712 838
712 843
712 865
712 870
712 883
712 897
712 898
712 921
712 927
712 939
712 945
712 983
712 992
713 714
713 738
713 823
713 838
713 844
713 846
713 855
713 872
713 873
713 927
713 932
713 936
713 946
713 978
714 740
714 744
714 748
714 759
714 780
714 790
714 806
714 808
714 815
714 822
714 838
714 871
714 893
714 905
714 906
714 917
714 925
714 933
714 947
714 949
714 952
714 956
714 963
714 985
714 998
715 719
715 720
715 747
715 748
715 771
715 772
715 779
715 790
715 819
715 823
715 830
715 849
715 863
715 864
715 903
715 916
715 922
715 938
715 945
715 951
715 966
715 970
715 993
716 719
716 733
716 737
716 740
716 760
716 766
716 767
716 787
716 821
716 831
716 875
716 903
716 906
716 955
716 978
716 984
717 721
717 739
717 759
717 781
717 837
717 840
717 847
717 854
717 858
717 859
717 932
717 945
718 719
718 734
718 744
718 752
718 753
718 761
718 769
718 821
718 825
718 840
718 860
718 872
718 881
718 917
718 919
718 949
718 958
718 969
718 970
718 977
718 989
718 996
719 743
719 747
719 764
719 789
719 794
719 800
719 803
719 807
719 850
719 863
719 890
719 915
719 927
719 956
719 959
719 963
719 987
719 996
720 742
720 757
720 758
720 777
720 796
720 801
720 821
720 847
720 882
720 946
720 983
720 986
720 991
721 739
721 795
721 805
721 820
721 828
721 839
721 906
721 914
721 957
721 962
722 734
722 736
722 738
722 740
722 757
722 793
722 807
722 846
722 847
722 863
722 906
722 961
723 726
723 753
723 798
723 816
723 847
723 850
723 851
723 866
723 950
723 971
723 989
723 999
724 744
724 778
724 782
724 805
724 827
724 830
724 838
724 851
724 857
724 863
724 873
724 880
724 936
724 938
724 948
724 965
724 966
724 975
725 750
725 758
725 767
725 785
725 795
725 807
725 829
725 866
725 884
725 897
725 917
725 951
725 953
725 970
725 990
726 747
726 778
726 798
726 804
726 810
726 852
726 872
726 885
726 892
726 935
726 939
726 952
726 975
727 729
727 730
727 787
727 856
727 875
727 892
727 894
727 903
727 909
727 946
727 961
727 982
727 989
728 731
728 757
728 760
728 771
728 805
728 808
728 829
728 858
728 876
728 887
728 905
728 921
728 926
728 932
728 961
729 739
729 750
729 756
729 776
729 782
729 826
729 828
729 847
729 881
729 892
729 899
729 910
729 911
729 966
729 978
729 995
730 768
730 772
730 817
730 828
730 835
730 841
730 848
730 861
730 898
730 917
730 951
730 964
730 980
730 987
731 742
731 746
731 783
731 791
731 829
731 874
731 934
732 751
732 752
732 788
732 799
732 813
732 828
732 832
732 873
732 910
732 912
732 915
732 918
732 952
733 748
733 757
733 789
733 812
733 813
733 829
733 837
733 839
733 858
733 888
733 901
733 921
733 948
733 959
733 965
733 970
733 974
734 744
734 756
734 777
734 803
734 845
734 874
734 887
734 891
734 932
734 934
734 961
734 984
735 746
735 814
735 842
735 845
735 849
735 853
735 857
735 875
735 886
735 900
735 918
735 937
735 994
735 996
736 738
736 748
736 751
736 778
736 794
736 808
736 828
736 845
736 857
736 886
736 919
736 959
736 979
736 992
737 759
737 761
737 762
737 777
737 859
737 893
737 913
737 920
737 923
737 929
737 943
737 962
737 965
737 970
738 752
738 792
738 798
738 799
738 866
738 910
738 920
738 941
738 974
738 997
739 752
739 758
739 786
739 792
739 809
739 822
739 836
739 840
739 881
739 888
739 899
739 911
739 920
739 955
739 963
740 744
740 772
740 804
740 810
740 834
740 897
740 908
740 930
740 931
740 963
740 965
740 971
740 974
740 979
740 992
741 761
741 765
741 773
741 781
741 800
741 828
741 837
741 842
741 895
741 919
741 926
741 957
741 998
742 745
742 749
742 751
742 781
742 792
742 864
742 872
742 874
742 899
742 939
742 960
742 973
742 980
742 982
742 991
743 744
743 809
743 850
743 883
743 886
743 898
743 915
743 922
743 928
743 936
743 962
743 965
743 972
743 986
744 768
744 790
744 809
744 811
744 815
744 818
744 821
744 831
744 840
744 896
744 908
744 921
744 934
744 972
744 995
745 833
745 848
745 921
745 934
745 985
745 994
746 774
746 787
746 801
746 811
746 827
746 828
746 832
746 906
746 920
746 925
746 926
746 933
746 943
746 992
747 779
747 780
747 821
747 860
747 904
747 927
747 962
747 965
748 776
748 786
748 795
748 823
748 874
748 885
748 903
748 913
748 925
748 935
748 954
748 969
748 983
748 985
749 783
749 786
749 814
749 828
749 835
749 864
749 910
750 789
750 812
750 825
750 901
750 903
750 908
750 938
750 950
750 961
750 993
751 752
751 783
751 812
751 820
751 831
751 855
751 862
751 873
751 884
751 911
751 916
751 918
751 924
751 930
751 986
751 995
752 776
752 799
752 800
752 804
752 815
752 881
752 903
752 949
752 956
752 967
752 969
752 988
752 991
753 787
753 789
753 792
753 805
753 811
753 831
753 875
753 902
753 906
753 939
753 954
753 957
753 976
753 994
754 780
754 791
754 793
754 828
754 837
754 847
754 871
754 879
754 881
754 891
754 897
754 899
754 903
754 925
754 982
754 985
754 992
755 757
755 763
755 772
755 782
755 784
755 786
755 796
755 836
755 841
755 901
755 912
755 915
755 936
755 949
755 967
755 970
755 979
756 759
756 769
756 778
756 781
756 787
756 791
756 832
756 848
756 855
756 857
756 860
756 862
756 895
756 900
756 914
756 928
756 940
756 962
756 983
756 985
757 796
757 842
757 860
757 956
757 976
758 788
758 802
758 820
758 842
758 851
758 885
758 891
758 907
758 953
758 995
759 773
759 803
759 804
759 807
759 833
759 835
759 839
759 849
759 877
759 905
759 921
759 964
759 967
760 775
760 840
760 875
760 879
760 901
760 902
760 917
760 930
760 949
760 968
760 999
761 768
761 820
761 921
761 971
761 999
762 768
762 781
762 833
762 853
762 857
762 861
762 874
762 931
762 947
762 975
762 986
763 764
763 833
763 837
763 847
763 885
763 892
763 895
763 899
763 900
763 908
763 914
763 916
763 928
763 933
763 998
764 772
764 779
764 806
764 816
764 843
764 848
764 870
764 893
764 922
764 930
764 955
764 957
764 967
764 985
764 986
764 991
765 766
765 798
765 823
765 846
765 863
765 870
765 876
765 879
765 902
765 910
765 933
765 937
765 948
765 981
766 774
766 782
766 819
766 836
766 845
766 846
766 848
766 877
766 880
766 909
766 918
766 960
766 993
767 786
767 787
767 794
767 819
767 849
767 855
767 859
767 864
767 877
767 889
767 901
767 906
767 923
767 934
767 974
767 983
768 810
768 832
768 853
768 888
768 897
768 910
768 940
768 966
769 809
769 847
769 884
769 909
769 972
769 980
770 778
770 781
770 783
770 808
770 873
770 885
770 891
770 894
770 950
770 953
770 961
770 965
771 776
771 780
771 781
771 787
771 844
771 847
771 866
771 895
771 913
771 930
771 934
771 962
771 994
772 778
772 789
772 801
772 819
772 845
772 867
772 887
772 898
772 921
772 996
773 808
773 809
773 871
773 923
773 926
773 936
773 955
773 973
773 976
774 793
774 798
774 851
774 863
774 875
774 900
774 930
774 946
774 957
774 972
775 791
775 823
775 866
775 885
775 939
775 971
775 982
775 987
775 994
776 821
776 825
776 865
776 891
776 931
776 957
776 987
776 995
777 882
777 891
777 909
777 910
777 950
777 953
777 967
777 968
777 988
778 793
778 797
778 804
778 816
778 840
778 858
778 940
778 966
778 989
778 993
779 792
779 818
779 826
779 828
779 862
779 864
779 865
779 914
779 947
779 953
779 956
780 802
780 821
780 856
780 863
780 895
780 920
780 952
781 817
781 836
781 846
781 847
781 850
781 851
781 853
781 890
781 905
781 914
781 921
781 932
781 955
781 987
781 989
782 790
782 797
782 816
782 864
782 888
782 925
782 962
782 980
783 824
783 862
783 889
783 901
783 940
784 791
784 793
784 800
784 802
784 811
784 813
784 821
784 830
784 852
784 865
784 906
784 908
784 932
785 816
785 821
785 841
785 842
785 849
785 856
785 875
785 877
785 880
785 884
785 886
785 891
785 920
785 929
785 959
785 975
785 984
785 993
786 793
786 796
786 800
786 802
786 851
786 853
786 897
786 915
786 920
786 932
786 956
786 967
786 977
786 998
787 793
787 794
787 833
787 863
787 884
787 898
787 920
787 954
787 956
787 960
787 994
788 791
788 807
788 814
788 836
788 847
788 856
788 981
789 855
789 856
789 872
789 873
789 881
789 882
789 899
789 916
789 947
789 957
790 797
790 821
790 832
790 843
790 865
790 886
790 913
790 923
790 925
790 936
790 938
790 947
790 954
790 958
790 986
790 987
790 993
791 794
791 812
791 850
791 851
791 852
791 857
791 873
791 888
791 893
791 926
791 941
792 811
792 858
792 865
792 871
792 888
792 966
793 819
793 827
793 832
793 854
793 875
793 881
793 918
793 922
793 951
793 972
794 798
794 819
794 822
794 830
794 832
794 843
794 846
794 867
794 888
794 889
794 950
794 954
794 955
794 959
794 979
794 999
795 804
795 807
795 829
795 855
795 878
795 910
795 934
795 944
795 969
795 984
795 994
796 836
796 879
796 886
796 892
796 920
796 932
796 957
797 842
797 847
797 892
797 897
797 905
797 948
797 960
797 984
797 989
798 806
798 829
798 904
798 921
798 923
798 933
798 954
798 969
799 809
799 817
799 818
799 836
799 840
799 846
799 865
799 883
799 886
799 911
799 916
799 928
799 978
799 986
800 886
800 928
800 943
801 815
801 841
801 849
801 855
801 861
801 864
801 890
801 918
801 926
801 952
801 963
802 816
802 828
802 836
802 864
802 890
802 921
802 922
802 924
802 926
802 939
802 941
803 859
803 887
803 928
803 950
803 962
803 982
803 984
803 985
803 986
804 815
804 828
804 841
804 870
804 926
804 930
804 933
804 962
804 971
804 975
804 984
804 987
805 850
805 852
805 853
805 856
805 887
805 898
805 910
805 927
805 928
805 943
806 811
806 822
806 831
806 838
806 906
806 943
806 977
807 809
807 834
807 845
807 861
807 887
807 907
807 916
807 917
807 939
807 944
807 961
808 809
808 818
808 819
808 829
808 847
808 861
808 874
808 884
808 920
808 947
808 979
809 822
809 854
809 855
809 867
809 900
809 952
809 955
809 985
809 997
809 999
810 860
810 916
810 936
810 952
810 990
811 825
811 855
811 887
811 888
811 908
811 942
811 945
811 970
811 988
811 989
812 815
812 819
812 844
812 851
812 874
812 888
812 916
812 948
812 972
812 980
812 987
813 828
813 836
813 837
813 840
813 841
813 843
813 872
813 886
813 901
813 913
813 918
813 927
813 948
813 955
813 974
813 995
814 834
814 868
814 964
814 995
815 826
815 852
815 859
815 864
815 898
815 906
815 932
815 935
815 943
815 963
815 975
816 843
816 853
816 863
816 868
816 872
816 885
816 887
816 891
816 917
816 927
816 928
816 976
816 978
816 979
816 983
816 985
817 834
817 865
817 877
817 882
817 883
817 905
817 927
817 944
817 949
818 845
818 866
818 897
818 911
818 937
818 958
818 973
818 992
818 993
819 860
819 866
819 877
819 886
819 894
819 909
819 973
819 975
819 988
819 989
820 895
820 946
820 975
821 833
821 838
821 859
821 936
821 959
821 970
822 873
822 945
822 985
822 991
823 830
823 835
823 839
823 850
823 898
823 918
823 983
823 988
823 992
824 836
824 847
824 864
824 866
824 872
824 883
824 930
824 943
824 987
825 840
825 844
825 863
825 900
825 903
825 910
825 913
825 924
825 972
825 993
825 995
826 850
826 852
826 899
826 901
826 913
826 924
826 931
826 941
826 963
826 983
826 985
826 989
827 839
827 844
827 847
827 849
827 864
827 880
827 909
827 911
827 916
827 939
827 946
827 971
828 854
828 886
828 930
828 950
828 953
828 963
828 983
829 873
829 890
829 897
829 913
829 922
829 932
829 936
829 955
829 958
829 996
830 835
830 868
830 874
830 886
830 893
830 894
831 832
831 843
831 863
831 868
831 888
831 903
831 963
832 849
832 851
832 853
832 859
832 862
832 902
832 924
832 929
832 974
832 982
833 834
833 870
833 878
833 887
833 907
833 912
833 913
833 918
833 919
833 946
833 955
833 956
833 961
834 839
834 862
834 865
834 870
834 877
834 898
834 947
834 957
835 861
835 875
835 884
835 898
835 912
835 924
835 928
835 930
835 944
835 988
836 849
836 880
836 899
836 905
836 966
836 992
837 848
837 854
837 869
837 872
837 878
837 879
837 903
837 940
837 951
837 966
837 969
837 996
838 841
838 849
838 864
838 879
838 909
838 941
838 950
838 967
838 991
839 870
839 937
839 944
840 848
840 896
840 907
840 931
840 939
840 979
841 850
841 863
841 877
841 879
841 880
841 892
841 908
841 946
842 884
842 923
842 934
842 938
843 853
843 876
843 898
843 910
843 954
843 962
843 985
843 991
844 875
844 895
844 911
844 925
844 989
844 990
844 996
845 871
845 881
845 939
845 942
845 960
846 853
846 861
846 881
846 891
846 898
846 916
846 966
846 981
846 988
847 869
847 883
847 899
847 904
847 955
847 977
847 995
847 999
848 875
848 891
848 952
848 990
848 998
849 857
849 871
849 876
849 889
849 893
849 901
849 908
849 938
849 948
849 959
849 977
850 877
850 914
850 925
850 949
850 967
850 974
850 983
851 917
851 936
851 986
851 999
852 884
852 886
852 901
852 930
852 945
852 992
853 858
853 894
853 900
853 930
853 935
853 943
853 947
853 961
854 874
854 883
854 885
854 889
854 900
854 951
854 956
854 992
854 997
855 875
855 905
855 915
855 943
855 952
855 961
855 966
856 858
856 862
856 905
856 921
856 954
857 881
857 904
857 921
857 924
857 926
857 951
857 955
858 866
858 897
858 915
858 925
858 944
858 958
858 963
858 976
858 981
858 997
859 884
859 888
859 899
859 917
859 921
859 922
859 955
859 961
859 978
860 874
860 899
860 901
860 916
860 958
860 969
860 970
860 983
861 868
861 869
861 888
861 897
861 899
861 942
861 998
862 869
862 875
862 886
862 891
862 919
862 936
862 961
862 963
862 965
863 864
863 888
863 893
863 895
863 924
863 928
863 962
863 968
863 995
864 867
864 888
864 899
864 907
864 916
864 924
864 950
864 999
865 875
865 908
865 930
865 975
865 982
866 879
866 881
866 930
866 973
866 980
866 998
867 871
867 877
867 881
867 891
867 957
867 971
868 976
868 978
869 890
869 896
869 915
869 928
869 980
869 983
869 999
870 895
870 912
870 920
870 938
870 941
870 968
870 972
870 999
871 900
872 923
872 952
872 954
872 978
873 877
873 887
873 919
873 926
873 937
873 982
874 940
874 946
874 956
874 968
875 910
875 917
875 942
875 977
875 980
875 994
876 893
876 909
876 933
876 957
876 959
876 964
876 968
876 970
876 978
876 997
877 903
877 912
877 923
877 930
877 942
877 977
877 980
877 996
877 998
878 952
878 997
879 888
879 889
879 890
879 921
879 925
879 954
879 970
879 978
880 913
880 942
880 961
880 983
881 890
881 902
881 919
881 935
881 939
881 952
881 974
881 998
882 883
882 887
882 895
882 902
882 955
882 957
882 958
882 984
883 917
883 974
883 984
884 902
884 913
884 927
884 942
884 976
884 979
885 892
885 956
885 958
885 988
886 912
886 923
886 930
886 954
886 960
887 913
887 921
887 933
887 967
887 979
887 992
888 931
888 940
888 944
888 954
888 963
888 969
888 999
889 896
889 900
889 928
889 954
889 962
889 983
890 932
890 943
890 954
890 956
890 973
890 974
891 898
891 984
892 896
892 913
892 923
892 935
892 946
892 950
892 953
892 970
892 973
892 991
893 912
893 955
893 970
893 986
893 992
894 905
894 928
894 953
894 957
894 991
894 993
894 994
895 946
895 967
895 979
895 982
896 913
896 926
896 941
896 943
896 954
896 967
896 975
896 994
897 991
898 911
898 993
899 951
899 963
899 972
899 977
900 916
900 939
900 944
900 954
900 957
900 966
900 990
901 928
901 932
901 933
901 959
902 909
902 918
902 941
902 942
902 957
902 995
903 926
903 961
904 905
904 932
904 976
904 979
904 985
904 990
905 908
905 931
905 994
906 972
906 993
907 909
907 952
907 964
907 972
907 986
907 990
907 994
907 995
908 914
908 915
908 931
908 937
908 949
908 992
909 917
909 926
909 929
909 932
909 941
909 952
909 962
909 964
909 991
909 994
910 914
910 916
910 940
910 963
910 965
911 922
911 930
911 936
911 971
911 985
912 941
912 962
912 994
913 914
913 929
913 937
913 995
914 918
914 934
914 973
914 981
914 997
915 945
915 951
915 967
915 975
915 976
915 979
915 998
916 936
916 987
916 989
917 922
917 936
917 952
917 959
917 966
917 973
917 996
918 959
919 931
919 995
920 938
920 963
920 969
920 978
921 926
921 937
921 955
921 959
921 962
922 938
922 996
923 934
923 935
923 942
923 943
923 951
923 954
923 977
924 927
924 928
924 931
924 949
924 978
925 938
925 976
925 981
925 982
925 995
926 991
926 995
927 932
927 951
927 972
928 939
928 955
928 969
928 970
928 973
928 974
928 998
929 944
930 938
930 940
930 941
930 968
930 974
931 948
931 980
932 945
933 979
933 992
934 958
934 964
934 974
934 986
935 951
935 963
935 966
935 981
935 989
936 961
936 963
936 981
937 946
937 948
937 963
938 965
938 967
938 969
938 977
938 993
939 942
939 958
939 960
939 961
940 955
940 969
940 980
940 981
940 985
941 953
941 977
942 953
942 976
943 960
943 983
943 994
945 950
945 956
945 992
946 954
946 969
946 975
946 998
947 948
947 961
947 973
947 995
948 971
948 980
949 956
949 967
949 971
949 975
950 968
950 995
951 957
951 967
951 970
951 983
952 953
952 975
952 981
952 995
953 972
953 980
953 990
954 976
954 983
954 994
956 967
956 985
956 989
957 968
957 971
957 997
958 997
959 960
959 967
959 973
960 971
961 966
961 984
962 981
962 982
962 983
962 986
962 990
962 996
963 966
963 972
963 976
963 980
964 977
964 981
964 982
965 966
965 976
967 988
967 999
968 981
968 985
968 986
969 977
969 999
970 996
971 982
972 977
975 980
975 985
976 985
977 979
977 992
978 983
978 986
979 985
981 997
987 990
988 993
989 993
990 996
993 994
