0 4
0 22
0 45
0 50
0 57
0 69
0 98
0 100
0 132
0 133
0 185
0 195
0 232
0 240
0 249
0 257
0 294
1 21
1 26
1 41
1 46
1 49
1 109
1 117
1 159
1 184
1 189
1 214
1 218
1 244
1 252
1 259
1 263
1 281
1 289
1 675
1 874
1 953
2 15
2 60
2 72
2 81
2 112
2 154
2 197
2 235
2 270
2 957
3 7
3 29
3 31
3 49
3 69
3 70
3 94
3 100
3 111
3 142
3 144
3 210
3 244
3 252
3 257
3 271
3 277
3 702
4 12
4 91
4 99
4 108
4 156
4 170
4 201
4 207
4 227
4 230
4 247
4 276
4 288
4 372
4 423
5 9
5 42
5 71
5 129
5 148
5 192
5 256
5 281
5 365
6 22
6 59
6 84
6 114
6 124
6 160
6 218
6 233
6 252
6 264
7 22
7 53
7 75
7 82
7 96
7 114
7 141
7 157
7 177
7 178
7 219
7 220
7 410
8 26
8 33
8 44
8 127
8 138
8 143
8 145
8 148
8 173
8 191
8 204
8 215
8 221
8 233
8 253
8 261
8 277
8 698
8 715
9 12
9 24
9 74
9 87
9 89
9 94
9 146
9 190
9 208
9 210
9 264
9 279
9 280
9 403
10 24
10 35
10 40
10 92
10 103
10 109
10 146
10 166
10 183
10 196
10 213
10 214
10 830
11 16
11 17
11 24
11 40
11 49
11 63
11 100
11 101
11 106
11 108
11 114
11 133
11 212
11 215
11 295
11 451
11 626
11 755
12 27
12 52
12 89
12 98
12 114
12 155
12 187
12 194
12 213
12 214
12 225
12 812
13 42
13 46
13 56
13 73
13 94
13 100
13 134
13 167
13 168
13 214
13 272
13 297
13 299
13 361
13 957
14 20
14 39
14 50
14 64
14 90
14 102
14 120
14 180
14 184
14 203
14 218
14 222
14 244
14 258
14 264
14 274
14 278
14 425
15 28
15 47
15 63
15 78
15 96
15 102
15 119
15 133
15 135
15 146
15 154
15 155
15 176
15 252
15 270
15 295
15 297
15 804
16 27
16 34
16 36
16 63
16 67
16 113
16 160
16 167
16 175
16 181
16 244
16 250
16 512
17 41
17 45
17 54
17 67
17 86
17 94
17 146
17 172
17 174
17 176
17 182
17 187
17 197
17 210
17 215
17 217
17 218
17 261
17 265
17 276
17 294
17 784
18 25
18 28
18 70
18 105
18 124
18 129
18 160
18 192
18 214
18 288
18 296
18 344
18 692
18 832
18 912
19 20
19 33
19 78
19 90
19 93
19 110
19 128
19 136
19 140
19 160
19 161
19 167
19 193
19 201
19 202
19 206
19 248
19 266
19 273
20 40
20 46
20 52
20 106
20 116
20 131
20 137
20 147
20 159
20 181
20 205
20 231
20 235
20 255
20 262
20 281
20 380
20 564
20 644
20 859
21 32
21 41
21 50
21 70
21 71
21 115
21 131
21 136
21 156
21 187
21 227
21 238
21 242
21 257
21 259
21 263
22 36
22 45
22 55
22 59
22 84
22 99
22 113
22 120
22 139
22 154
22 175
22 201
22 207
22 220
22 223
22 245
22 256
22 264
22 294
22 377
23 54
23 55
23 89
23 102
23 104
23 105
23 125
23 158
23 188
23 215
23 238
23 270
24 45
24 52
24 59
24 61
24 65
24 69
24 149
24 193
24 194
24 199
24 207
24 216
24 222
24 372
25 36
25 48
25 76
25 79
25 87
25 93
25 100
25 111
25 114
25 116
25 147
25 183
25 200
25 269
25 292
25 294
25 296
25 297
25 778
25 906
26 62
26 77
26 119
26 133
26 138
26 146
26 177
26 189
26 234
26 235
26 241
26 243
26 278
26 500
26 843
27 42
27 73
27 113
27 141
27 166
27 168
27 260
28 38
28 47
28 54
28 59
28 79
28 197
28 232
28 259
28 261
28 270
28 290
28 298
28 484
29 39
29 55
29 62
29 93
29 102
29 123
29 142
29 208
29 215
29 229
29 247
29 286
29 673
30 54
30 57
30 78
30 145
30 152
30 164
30 230
30 233
30 237
30 243
30 267
30 272
30 856
31 36
31 58
31 61
31 67
31 80
31 89
31 174
31 227
31 261
31 268
31 369
31 765
32 33
32 55
32 57
32 59
32 66
32 100
32 144
32 170
32 184
32 207
32 228
32 257
32 258
32 268
32 275
32 286
32 289
32 298
32 329
33 50
33 66
33 90
33 101
33 120
33 122
33 135
33 137
33 165
33 172
33 187
33 189
33 211
33 217
33 234
33 235
33 236
33 241
33 244
33 424
33 588
33 621
33 698
33 904
34 41
34 46
34 53
34 71
34 98
34 135
34 146
34 147
34 184
34 204
34 214
34 280
34 297
34 368
34 636
34 801
34 861
35 42
35 55
35 126
35 157
35 176
35 178
35 205
35 208
35 230
35 264
35 273
35 773
36 57
36 58
36 72
36 82
36 112
36 166
36 170
36 173
36 210
36 218
36 247
36 275
36 288
36 478
36 489
36 540
37 55
37 73
37 89
37 100
37 121
37 132
37 140
37 142
37 149
37 186
37 190
37 212
37 236
37 269
37 270
37 982
38 46
38 52
38 71
38 98
38 128
38 165
38 166
38 185
38 200
38 209
38 216
38 229
38 261
38 278
38 288
38 323
38 924
39 49
39 73
39 154
39 164
39 170
39 217
39 265
39 273
39 279
39 966
40 119
40 127
40 178
40 184
40 224
40 231
40 270
40 597
40 632
40 872
40 948
41 51
41 62
41 72
41 76
41 107
41 153
41 184
41 195
41 201
41 212
41 231
41 260
41 263
41 265
41 270
41 604
41 835
41 919
42 55
42 66
42 104
42 106
42 150
42 163
42 182
42 196
42 230
42 236
42 266
42 272
42 278
42 282
42 293
42 294
43 55
43 57
43 134
43 138
43 150
43 183
43 188
43 199
43 203
43 231
43 253
43 261
43 266
43 278
43 405
44 51
44 56
44 76
44 90
44 119
44 171
44 173
44 196
44 201
44 224
44 229
44 236
44 286
44 289
44 295
44 598
44 906
45 119
45 121
45 128
45 129
45 150
45 157
45 166
45 167
45 170
45 196
45 218
45 246
45 266
45 892
46 76
46 86
46 99
46 128
46 147
46 151
46 171
46 180
46 186
46 198
46 199
46 246
46 271
46 277
46 289
46 299
46 733
46 916
47 67
47 74
47 92
47 103
47 195
47 196
47 209
47 219
47 237
47 259
47 274
47 295
48 54
48 64
48 65
48 126
48 137
48 155
48 163
48 182
48 204
48 214
48 242
48 271
48 670
48 703
49 67
49 70
49 102
49 114
49 136
49 167
49 175
49 178
49 200
49 228
49 254
49 277
49 797
50 53
50 78
50 86
50 93
50 112
50 146
50 158
50 165
50 179
50 200
50 205
50 220
50 221
50 231
50 252
50 254
50 259
50 271
50 289
50 290
50 495
50 593
51 92
51 97
51 110
51 141
51 175
51 179
51 232
51 239
51 248
51 250
51 270
51 276
52 80
52 117
52 131
52 146
52 182
52 197
52 200
52 212
52 265
52 290
52 298
52 472
52 574
53 61
53 75
53 119
53 121
53 124
53 129
53 145
53 156
53 230
53 280
53 473
54 100
54 104
54 154
54 247
54 270
54 354
55 57
55 67
55 106
55 126
55 160
55 167
55 222
55 234
55 258
55 954
56 65
56 79
56 81
56 84
56 127
56 131
56 132
56 147
56 165
56 167
56 190
56 200
56 214
56 219
56 226
56 247
56 261
56 274
56 275
56 281
56 287
56 329
56 420
56 607
57 62
57 75
57 93
57 105
57 145
57 171
57 200
57 226
57 244
57 286
57 531
57 568
58 64
58 69
58 71
58 74
58 94
58 98
58 100
58 136
58 140
58 149
58 162
58 194
58 241
58 290
58 423
58 901
59 80
59 88
59 107
59 110
59 155
59 175
59 182
59 189
59 209
59 237
59 260
59 276
59 277
59 461
59 768
59 804
59 999
60 75
60 76
60 106
60 109
60 126
60 132
60 170
60 175
60 199
60 202
60 218
60 226
60 264
60 267
60 275
60 276
60 287
60 296
60 299
61 77
61 85
61 128
61 129
61 180
61 201
61 236
61 249
61 266
61 283
61 288
61 299
61 388
61 497
62 90
62 104
62 167
62 172
62 198
62 208
62 266
62 467
63 65
63 79
63 138
63 144
63 192
63 194
63 207
63 213
63 229
63 244
63 267
63 278
63 337
63 352
64 130
64 167
64 172
64 200
64 239
65 68
65 77
65 82
65 88
65 114
65 135
65 156
65 170
65 171
65 224
65 314
65 388
65 515
66 67
66 78
66 83
66 164
66 165
66 174
66 239
66 249
66 442
66 916
67 85
67 145
67 178
67 198
67 228
67 276
67 595
67 749
67 803
67 993
68 87
68 94
68 96
68 97
68 103
68 120
68 121
68 136
68 139
68 155
68 215
68 234
68 242
68 269
68 270
68 272
68 282
68 284
68 407
68 548
69 101
69 141
69 215
69 223
69 271
69 670
70 74
70 111
70 147
70 155
70 156
70 191
70 216
70 223
70 232
70 248
70 268
70 273
70 296
71 76
71 92
71 104
71 109
71 110
71 120
71 137
71 166
71 178
71 197
71 200
71 207
71 214
71 228
71 243
71 254
71 256
71 269
71 272
71 275
71 281
71 560
71 740
72 86
72 108
72 133
72 142
72 229
72 240
72 258
72 260
72 263
72 283
72 296
72 496
72 686
73 109
73 110
73 121
73 132
73 138
73 150
73 165
73 207
73 218
73 243
73 272
73 532
73 720
74 76
74 89
74 90
74 98
74 131
74 135
74 229
74 241
74 523
74 738
75 99
75 101
75 135
75 148
75 178
75 179
75 210
75 232
75 234
75 968
76 100
76 117
76 126
76 140
76 156
76 194
76 218
76 249
76 292
76 324
76 968
77 90
77 149
77 150
77 160
77 190
77 202
77 216
77 224
77 271
77 283
77 285
77 292
78 88
78 111
78 113
78 138
78 198
78 205
78 229
78 238
78 254
78 297
78 480
79 87
79 150
79 155
79 162
79 202
79 220
79 264
79 277
79 292
79 296
79 949
80 124
80 136
80 159
80 179
80 181
80 199
80 267
80 269
80 282
80 529
80 617
80 676
81 83
81 84
81 92
81 129
81 162
81 203
81 245
81 275
81 296
81 750
81 880
82 100
82 107
82 109
82 116
82 134
82 138
82 139
82 142
82 220
82 229
82 241
82 250
82 273
82 288
82 291
83 117
83 136
83 139
83 143
83 172
83 174
83 188
83 201
83 211
83 252
83 263
83 269
83 290
83 604
83 701
84 85
84 113
84 122
84 124
84 155
84 180
84 210
84 267
84 269
84 391
85 91
85 129
85 160
85 176
85 183
85 185
85 190
85 204
85 212
85 226
85 234
85 240
85 254
85 263
85 921
86 105
86 106
86 140
86 171
86 199
86 222
86 267
86 281
86 395
87 91
87 105
87 116
87 121
87 149
87 247
87 249
87 286
88 106
88 152
88 160
88 192
88 194
88 213
88 248
88 281
88 612
89 101
89 150
89 215
89 243
89 253
89 262
89 269
89 275
89 317
90 110
90 163
90 166
90 167
90 193
90 200
90 231
90 241
90 249
90 251
90 258
90 284
90 298
91 139
91 144
91 174
91 203
91 235
91 252
91 258
91 277
91 280
92 117
92 140
92 147
92 161
92 170
92 175
92 185
92 200
92 204
92 211
92 228
92 232
92 247
92 250
92 829
93 94
93 103
93 109
93 143
93 161
93 163
93 182
93 190
93 201
93 203
93 297
93 415
93 470
94 101
94 110
94 153
94 154
94 166
94 167
94 222
94 227
94 255
94 280
95 115
95 148
95 149
95 161
95 162
95 182
95 605
95 626
96 200
96 220
96 229
96 239
96 274
96 295
96 331
96 966
97 128
97 133
97 168
97 197
97 203
97 221
97 239
97 742
98 120
98 132
98 138
98 210
98 226
98 237
98 240
98 246
98 276
98 290
98 967
99 131
99 181
99 186
99 220
99 225
99 243
99 251
99 256
99 272
99 283
99 708
100 106
100 121
100 133
100 141
100 146
100 162
100 168
100 170
100 175
100 184
100 212
100 219
100 293
100 921
101 140
101 166
101 168
101 177
101 199
101 202
101 220
101 255
101 268
101 271
101 276
101 285
102 112
102 115
102 117
102 124
102 170
102 182
102 192
102 209
102 248
102 266
102 284
102 285
102 298
102 299
102 660
102 871
103 123
103 154
103 201
103 214
103 226
103 234
103 961
104 110
104 138
104 139
104 165
104 174
104 181
104 187
104 206
104 243
104 268
104 283
104 296
104 830
105 111
105 113
105 153
105 170
105 172
105 200
105 203
105 211
105 214
105 218
105 238
105 243
105 245
105 256
105 433
105 694
105 847
106 126
106 128
106 155
106 214
106 222
106 231
106 233
106 253
106 265
106 294
107 145
107 149
107 154
107 179
107 203
107 211
107 218
107 233
107 286
107 328
107 411
107 570
107 900
108 112
108 154
108 165
108 211
108 227
108 231
108 232
108 234
108 239
108 254
108 274
108 281
108 296
108 654
108 714
109 110
109 128
109 147
109 163
109 177
109 221
109 249
109 259
109 277
109 286
109 291
109 292
109 450
109 892
110 127
110 153
110 233
110 261
111 127
111 130
111 137
111 141
111 144
111 169
111 170
111 186
111 196
111 207
111 221
111 256
111 415
111 809
112 160
112 174
112 216
112 262
112 289
112 779
113 139
113 184
113 200
113 220
113 255
113 266
113 276
113 287
114 138
114 139
114 146
114 150
114 160
114 170
114 208
114 219
114 231
114 277
114 286
114 831
115 149
115 157
115 186
115 204
115 242
116 122
116 124
116 144
116 151
116 156
116 163
116 178
116 190
116 227
116 240
116 267
116 707
117 118
117 167
117 175
117 182
117 197
117 204
117 228
117 255
117 297
117 660
117 794
118 122
118 130
118 131
118 135
118 144
118 151
118 173
118 182
118 183
118 208
118 255
118 283
119 120
119 123
119 190
119 203
119 253
119 256
119 267
119 273
119 291
120 136
120 144
120 146
120 153
120 154
120 176
120 188
120 241
120 562
121 178
121 188
121 214
121 220
121 266
121 290
122 126
122 127
122 183
122 219
122 226
122 233
122 239
122 262
122 295
122 448
122 598
122 720
122 733
123 134
123 150
123 151
123 153
123 181
123 189
123 207
123 226
123 232
123 240
123 283
124 129
124 145
124 164
124 180
124 189
124 209
124 222
124 233
124 248
124 285
124 299
124 701
125 128
125 131
125 142
125 203
125 290
125 899
125 980
126 143
126 186
126 214
126 225
126 230
126 255
126 259
126 271
126 282
126 681
126 840
126 987
127 134
127 137
127 152
127 183
127 195
127 197
127 200
127 238
127 241
127 249
127 279
127 287
128 141
128 186
128 212
128 227
128 231
128 236
128 256
128 274
128 275
128 284
128 292
129 149
129 164
129 179
129 197
129 215
129 217
129 229
129 232
129 255
130 145
130 165
130 168
130 191
130 206
130 246
130 248
130 256
130 275
130 284
130 332
131 132
131 145
131 146
131 160
131 164
131 186
131 212
131 256
131 265
131 274
132 149
132 162
132 195
132 237
132 261
132 286
132 287
132 395
132 429
132 837
133 169
133 180
133 208
133 211
133 253
133 261
133 283
133 284
133 286
134 169
134 172
134 196
134 208
134 220
134 222
134 254
134 257
134 259
134 275
134 308
134 342
134 496
135 154
135 212
135 250
135 255
135 262
135 279
136 187
136 195
136 201
136 208
136 255
136 263
136 285
136 286
136 296
137 142
137 144
137 179
137 205
137 230
137 232
137 240
137 254
137 269
137 294
137 297
137 955
138 144
138 176
138 178
138 203
138 209
138 219
138 261
138 269
138 516
138 691
138 824
139 172
139 211
139 215
139 247
139 265
139 273
139 275
139 283
139 289
140 156
140 171
140 178
140 183
140 198
140 219
140 222
140 231
140 244
140 255
140 283
140 363
140 588
141 181
141 206
141 216
141 243
141 247
141 288
141 418
141 434
142 149
142 182
142 196
142 212
142 239
142 262
142 277
142 290
142 299
142 342
142 377
143 150
143 171
143 217
143 224
143 240
143 263
143 283
143 290
143 313
143 322
143 927
144 149
144 160
144 213
144 260
144 296
144 640
144 853
144 883
145 147
145 155
145 212
145 220
145 255
145 977
146 153
146 154
146 170
146 172
146 218
146 242
146 243
146 263
146 272
146 974
147 174
147 200
147 204
147 219
147 249
147 262
147 265
147 274
147 280
147 346
147 358
147 386
147 443
148 157
148 164
148 165
148 173
148 177
148 202
148 207
148 223
148 245
148 278
148 280
148 675
149 165
149 224
149 234
149 245
149 910
150 157
150 159
150 165
150 214
150 261
150 284
150 445
150 529
151 163
151 175
151 179
151 221
151 252
151 266
151 282
151 421
152 160
152 213
152 220
152 224
152 264
152 271
153 172
153 236
153 241
153 254
153 255
153 273
153 293
153 295
154 161
154 209
154 274
154 281
154 299
155 184
155 186
155 193
155 270
155 276
155 285
155 493
155 562
155 665
156 190
156 194
156 203
156 207
156 211
156 221
156 233
156 250
156 269
156 278
156 281
156 832
157 158
157 159
157 166
157 176
157 196
157 202
157 203
157 209
157 211
157 291
157 831
157 848
158 170
158 208
158 210
158 218
158 219
158 257
158 705
159 166
159 173
159 198
159 208
159 261
159 278
159 292
160 165
160 169
160 173
160 175
160 178
160 195
160 256
160 281
160 294
160 418
160 429
161 223
161 229
161 234
161 244
161 258
161 259
161 732
161 795
162 204
162 216
162 226
162 248
162 263
162 276
163 195
163 213
163 228
163 257
163 272
163 275
163 282
163 295
163 378
163 877
163 977
164 168
164 216
164 234
164 632
165 192
165 261
165 266
165 667
166 168
166 169
166 171
166 175
166 183
166 186
166 203
166 241
166 262
166 263
167 179
167 191
167 197
167 231
167 240
167 249
167 284
167 296
167 340
167 455
167 466
167 778
168 172
168 209
168 229
168 294
168 382
169 170
169 242
169 265
169 269
169 550
170 182
170 218
170 222
170 252
170 286
170 296
171 185
171 194
171 209
171 277
171 296
171 297
171 337
171 495
172 183
172 205
172 215
172 226
172 237
172 271
172 296
172 487
172 509
172 702
173 178
173 228
173 235
173 243
173 248
173 257
173 277
173 285
173 297
173 716
173 861
173 885
174 188
174 199
174 200
174 236
174 243
174 285
174 290
174 597
174 682
174 824
174 856
175 200
175 218
175 270
175 601
175 774
175 909
176 247
176 255
176 263
177 187
177 199
177 205
177 221
177 222
177 259
177 267
177 268
177 274
177 276
177 350
177 862
178 179
178 188
178 194
178 201
178 202
178 206
178 220
178 233
178 247
178 249
178 262
178 266
178 488
178 605
179 185
179 217
179 233
179 253
179 289
179 818
180 187
180 194
180 256
180 587
181 190
181 243
181 253
181 279
181 726
182 183
182 193
182 197
182 216
182 244
182 245
182 268
183 200
183 203
183 216
183 229
183 231
183 238
183 261
183 279
183 282
183 758
184 259
185 201
185 225
185 252
185 258
185 276
185 283
185 617
186 187
186 188
186 202
186 229
186 239
186 255
186 276
186 284
186 416
186 798
187 194
187 236
187 253
187 257
187 269
187 281
187 283
188 193
188 204
188 209
188 211
188 222
188 231
188 239
188 255
188 266
188 276
188 285
188 677
189 192
189 212
189 224
189 271
189 297
190 217
190 249
190 257
190 296
190 387
191 260
191 275
191 285
192 250
192 267
192 288
192 295
192 411
193 238
193 239
193 262
193 286
194 195
194 206
194 213
194 234
194 290
195 206
195 223
195 246
195 267
195 289
196 198
196 203
196 210
196 224
196 256
196 270
196 271
196 290
197 199
197 229
197 266
197 368
197 456
197 611
198 269
198 818
199 212
199 228
199 289
199 994
200 209
200 212
200 227
200 256
200 276
200 278
200 297
200 719
200 725
200 766
200 786
201 212
201 249
201 278
202 220
202 234
202 243
202 271
202 285
202 389
202 481
202 860
203 253
203 293
203 294
203 543
204 207
204 230
204 264
204 292
204 299
204 566
205 222
205 245
205 261
205 262
205 291
205 302
205 508
205 549
205 683
205 854
206 236
206 297
206 791
207 216
207 221
207 251
207 291
208 225
208 253
208 433
208 670
209 219
209 229
209 248
209 269
209 385
209 608
209 840
210 217
210 229
210 239
210 245
210 258
210 284
210 285
210 297
210 413
210 682
210 974
211 224
211 248
212 253
212 262
212 267
212 271
212 272
212 281
212 294
212 299
212 679
212 741
212 780
213 219
213 283
213 971
214 253
214 257
214 270
214 977
215 237
215 272
215 736
216 229
216 289
216 337
216 400
217 265
217 283
217 298
217 493
217 859
218 220
218 227
218 233
218 240
218 248
218 294
218 297
218 344
218 370
218 997
219 256
219 278
219 292
219 425
219 933
220 229
220 237
220 250
220 258
220 281
220 282
220 286
220 292
220 294
220 349
221 224
221 228
221 240
221 281
222 223
222 238
222 259
222 275
222 696
222 784
223 228
223 230
223 232
223 238
223 247
223 259
223 266
223 291
224 229
224 241
224 272
224 284
224 299
225 233
225 241
225 276
225 297
225 600
225 638
225 741
225 749
225 780
225 970
226 256
226 274
226 518
226 841
227 331
227 475
227 777
228 234
228 272
228 275
228 283
229 235
229 240
229 249
229 260
229 280
229 362
229 475
230 242
230 279
230 516
231 250
231 270
231 277
231 295
231 931
232 240
232 270
233 239
233 253
233 273
233 280
233 291
234 247
234 257
234 269
234 510
234 553
234 783
235 291
235 843
236 256
237 247
237 251
237 289
237 294
237 308
237 779
237 850
237 968
238 239
238 256
238 269
238 285
238 287
238 405
239 258
239 318
239 793
241 265
241 272
241 745
242 273
242 276
242 284
242 286
242 293
242 294
242 486
243 254
243 255
243 287
243 536
243 990
244 255
244 274
244 291
244 337
245 263
245 275
245 288
245 297
245 299
245 425
246 257
246 568
247 249
247 272
247 281
247 299
247 424
248 250
248 291
249 288
249 290
249 922
250 251
250 252
250 268
250 269
250 270
250 275
250 297
251 288
251 299
251 408
251 607
252 297
252 459
252 799
253 265
253 296
254 273
254 279
254 720
255 273
255 274
255 781
256 389
256 774
257 263
257 281
257 296
257 827
257 841
258 263
258 636
259 267
259 268
260 266
260 270
260 275
260 284
260 290
260 291
260 551
261 269
261 298
261 687
261 877
262 282
262 286
262 292
264 269
264 284
264 286
264 293
264 451
265 266
265 290
265 292
265 978
266 281
266 295
266 396
266 420
266 442
266 593
266 733
266 988
267 276
267 289
267 334
267 854
268 274
268 810
268 890
269 276
269 623
270 291
270 298
270 768
270 830
271 615
272 289
272 296
272 790
273 285
273 293
273 903
274 287
274 296
274 539
274 860
275 299
275 382
275 915
276 280
276 289
276 934
277 286
277 565
277 577
277 610
278 296
278 346
278 451
279 589
280 799
281 289
281 294
282 611
282 615
282 650
284 294
284 502
284 517
284 706
284 891
284 932
285 452
285 585
286 326
287 595
287 823
287 880
288 289
288 463
288 849
288 859
288 921
289 297
289 960
290 750
292 883
293 767
294 731
295 364
295 848
295 928
296 343
296 359
296 679
296 720
296 821
297 474
297 764
297 958
297 972
300 336
300 340
300 350
300 353
300 355
300 365
300 393
300 431
300 438
300 467
300 472
300 477
300 481
300 496
300 823
300 987
301 307
301 410
301 418
301 434
301 453
301 468
301 487
301 724
301 896
301 998
302 317
302 341
302 371
302 446
302 465
302 589
302 751
303 366
303 379
303 396
303 430
303 440
303 452
303 464
303 491
303 494
303 582
304 311
304 336
304 340
304 354
304 357
304 359
304 366
304 379
304 436
304 437
304 443
304 446
304 447
304 452
304 478
304 484
305 310
305 322
305 323
305 362
305 371
305 469
305 472
306 311
306 317
306 321
306 351
306 356
306 367
306 394
306 475
307 317
307 347
307 388
307 427
307 461
307 463
308 309
308 319
308 380
308 382
308 394
308 429
308 444
308 461
308 481
308 488
308 491
308 659
308 667
309 315
309 325
309 331
309 338
309 339
309 353
309 379
309 387
309 388
309 389
309 428
309 439
309 460
309 588
309 604
309 614
309 693
309 810
309 908
310 323
310 340
310 346
310 350
310 374
310 378
310 390
310 403
310 429
310 450
310 469
310 476
310 495
310 558
311 335
311 346
311 412
311 420
311 446
311 448
311 468
311 492
311 882
311 922
312 353
312 420
312 473
312 485
312 743
313 321
313 397
313 415
313 426
313 448
313 452
313 458
313 462
313 467
314 349
314 364
314 389
314 391
314 409
314 459
314 472
314 482
314 496
315 339
315 345
315 346
315 378
315 383
315 414
315 443
315 452
315 465
315 475
315 487
316 317
316 331
316 336
316 377
316 385
316 418
316 442
316 486
316 492
316 535
317 334
317 375
317 378
317 382
317 385
317 390
317 391
317 396
317 408
317 409
317 415
317 419
317 425
317 454
317 468
317 477
317 932
318 346
318 351
318 356
318 364
318 384
318 403
318 420
318 423
318 457
318 462
318 529
318 843
319 324
319 349
319 353
319 357
319 364
319 392
319 418
319 446
319 450
319 666
320 347
320 349
320 373
320 432
320 439
320 454
320 493
321 376
321 413
321 440
321 450
321 468
321 491
321 493
322 330
322 344
322 357
322 403
322 410
322 415
322 440
322 461
322 471
322 477
322 484
322 627
322 707
322 796
323 369
323 396
323 431
323 459
323 472
323 477
323 478
324 343
324 371
324 394
324 399
324 400
324 407
324 413
324 416
324 419
324 424
324 433
324 449
324 457
324 464
324 466
324 488
325 374
325 383
325 400
325 412
325 427
325 457
325 460
325 490
325 495
325 497
326 331
326 332
326 337
326 353
326 372
326 375
326 390
326 395
326 414
326 427
326 429
326 438
326 448
326 487
326 496
327 342
327 374
327 449
327 450
327 461
327 485
327 488
327 490
327 497
327 951
328 338
328 345
328 354
328 392
328 394
328 434
328 439
328 441
328 470
328 790
329 394
329 415
329 418
329 431
329 457
329 472
329 475
329 496
329 656
330 348
330 357
330 431
330 432
330 464
330 471
330 482
330 672
330 893
331 344
331 360
331 383
331 428
331 476
332 347
332 365
332 370
332 394
332 442
332 455
332 457
332 493
332 887
333 395
333 460
333 470
333 487
333 496
333 612
333 798
333 827
334 348
334 356
334 373
334 399
334 440
334 442
334 443
334 465
335 360
335 405
335 437
335 445
335 451
335 452
335 480
336 338
336 369
336 384
336 421
336 447
336 449
336 452
336 475
336 488
337 365
337 403
337 418
337 420
337 436
337 453
337 464
337 483
337 511
337 603
337 730
338 360
338 405
338 445
338 887
339 394
339 414
339 454
339 456
339 466
340 346
340 404
340 442
340 452
340 473
340 495
340 496
340 499
341 362
341 402
341 431
341 440
341 452
341 454
341 478
341 487
342 345
342 368
342 395
342 400
342 424
342 432
342 433
342 456
342 471
342 474
342 477
342 494
342 542
342 557
342 568
342 701
343 354
343 357
343 371
343 428
343 451
343 497
343 973
344 346
344 379
344 397
344 403
344 410
344 411
344 422
344 424
344 441
344 448
344 449
344 450
344 465
344 492
344 497
345 351
345 356
345 375
345 378
345 409
345 419
345 433
345 480
345 496
345 497
346 376
346 406
346 408
346 424
346 425
346 458
346 460
346 463
346 831
346 853
346 914
347 348
347 429
347 474
347 487
347 488
347 895
348 359
348 365
348 366
348 371
348 427
348 451
348 452
348 475
348 477
348 480
349 351
349 389
349 390
349 414
349 440
349 441
349 480
350 352
350 372
350 470
350 490
351 372
351 406
351 408
351 444
351 445
351 453
351 482
351 485
351 497
352 364
352 376
352 379
352 397
352 409
352 422
352 452
352 462
352 472
353 362
353 385
353 392
353 408
353 411
353 413
353 418
353 439
353 447
353 452
353 497
354 358
354 364
354 380
354 433
354 447
354 471
354 476
354 658
355 432
355 435
355 437
355 467
355 475
355 478
355 485
355 649
356 362
356 366
356 437
356 440
356 449
356 469
356 490
356 517
356 651
357 379
357 408
357 414
357 419
357 455
357 483
358 367
358 382
358 383
358 397
358 401
358 407
358 412
358 427
358 433
358 444
358 487
358 497
358 731
358 901
359 382
359 395
359 402
359 404
359 435
359 437
359 439
359 447
359 450
359 458
359 493
359 954
360 368
360 380
360 389
360 409
360 452
360 494
361 384
361 397
361 405
361 439
361 602
361 781
361 897
362 365
362 391
362 419
362 441
362 488
363 365
363 388
363 471
363 473
363 492
363 651
363 881
364 404
364 407
364 437
364 455
364 460
364 468
364 473
364 488
365 366
365 405
365 410
365 429
365 447
365 492
365 733
366 424
366 431
366 625
366 659
367 382
367 433
367 449
367 452
367 455
367 470
367 488
367 492
368 375
368 422
368 427
368 435
368 466
368 656
369 401
369 405
369 453
369 454
369 469
369 479
369 647
370 382
370 399
370 444
370 460
370 486
370 492
370 494
370 540
370 968
371 372
371 378
371 403
371 410
371 412
371 420
371 490
372 400
372 415
372 420
372 426
372 431
372 435
372 438
372 445
372 453
372 820
372 837
373 374
373 384
373 386
373 425
373 429
373 443
373 475
373 477
373 480
373 483
373 637
374 383
374 397
374 436
374 445
374 448
374 465
374 487
374 490
375 400
375 418
375 432
375 449
375 462
375 467
375 494
375 495
375 498
375 512
376 382
376 409
376 428
376 461
376 490
376 608
377 382
377 389
377 405
377 415
377 469
378 429
378 447
378 479
378 484
378 556
379 439
379 620
379 794
380 407
380 439
380 442
380 483
380 492
381 399
381 415
381 416
381 434
381 437
381 495
381 691
382 392
382 418
382 420
382 427
382 454
382 456
382 491
382 496
383 391
383 416
383 417
383 441
383 457
383 483
383 566
383 627
383 667
383 733
384 388
384 390
384 429
384 436
384 438
384 448
384 478
384 480
384 898
384 957
385 395
385 451
385 457
385 463
385 876
386 397
386 398
386 409
386 416
386 426
386 433
386 449
386 467
387 393
387 395
387 396
387 401
387 403
387 416
387 430
387 435
387 484
388 412
388 430
388 431
388 463
388 481
388 499
389 394
389 417
389 425
389 482
390 405
390 429
390 437
390 457
390 488
390 492
390 801
390 952
391 408
391 414
391 426
391 498
392 397
392 411
392 452
392 464
392 474
392 487
392 495
392 868
393 397
393 401
393 428
393 433
393 460
393 477
393 488
393 489
394 418
394 421
394 428
394 452
394 457
394 482
394 485
394 847
394 952
394 963
395 403
395 434
395 464
395 465
395 475
395 496
395 755
396 414
396 423
396 429
396 430
396 463
396 476
396 713
396 773
397 454
397 468
397 485
397 487
397 540
397 659
397 900
398 408
398 410
398 413
398 444
398 446
398 458
398 464
398 467
398 477
398 485
398 694
398 728
399 406
399 441
399 446
399 454
399 456
399 458
399 471
399 478
399 498
399 589
400 431
400 434
400 461
400 864
401 415
401 454
401 474
401 477
401 487
401 488
401 772
402 405
402 416
402 417
402 418
402 421
402 423
402 430
402 473
402 599
403 409
403 457
403 462
403 470
403 479
403 494
404 405
404 433
404 449
404 657
405 446
405 483
405 676
405 737
405 802
405 881
406 428
406 439
406 441
406 459
406 463
406 470
406 471
406 485
406 799
407 411
407 434
407 468
407 480
407 510
407 573
408 434
408 436
408 441
408 475
408 635
408 926
409 413
409 436
409 467
409 472
409 483
409 492
409 496
409 918
410 411
410 422
410 423
410 453
410 455
410 457
410 480
410 686
410 853
411 415
411 429
411 430
411 433
412 434
412 447
412 469
412 480
413 424
413 437
413 486
413 663
414 420
414 436
414 445
414 450
414 451
414 495
414 621
414 622
414 827
415 427
415 454
415 456
415 462
415 470
415 652
415 803
416 424
416 457
416 465
416 476
416 499
417 449
417 487
417 488
417 846
418 448
418 464
418 474
418 492
418 584
418 932
419 476
419 993
420 455
420 457
420 471
420 476
420 493
421 443
421 461
421 478
421 484
421 878
421 935
422 438
422 452
422 454
422 471
422 484
422 622
422 813
423 460
423 467
423 470
423 492
423 493
423 494
423 525
423 818
424 451
424 453
424 470
424 480
425 429
425 443
425 451
425 456
425 459
425 474
425 497
425 716
425 978
426 449
426 453
426 476
426 479
427 455
427 474
427 499
427 515
427 593
428 433
428 437
428 440
428 455
428 460
428 476
428 656
429 457
429 463
429 499
429 569
430 468
431 435
431 459
431 481
431 578
431 949
432 433
432 487
433 436
433 485
433 591
433 595
434 469
434 470
434 484
434 492
434 497
434 643
435 462
435 491
435 496
435 840
435 977
435 986
436 472
436 475
437 446
437 449
437 459
437 492
437 494
437 499
437 583
437 805
438 445
438 447
438 453
438 456
438 489
439 492
439 495
439 497
439 515
439 819
440 445
440 472
440 489
440 494
440 684
440 772
440 836
441 463
441 471
441 473
441 480
441 490
441 634
442 474
442 483
442 487
443 449
443 472
443 936
444 454
444 489
445 460
445 464
445 478
445 499
445 558
445 614
445 718
446 476
446 481
446 601
447 477
447 980
448 457
448 466
448 467
448 475
448 476
448 479
448 487
448 498
449 454
449 456
449 603
450 481
450 485
450 907
451 477
451 494
451 828
452 465
452 479
452 497
452 595
452 773
453 489
453 563
453 633
454 491
455 491
455 497
455 629
456 467
456 475
456 585
456 586
456 649
457 464
457 520
457 573
458 475
458 721
459 464
459 485
459 486
459 493
459 497
459 836
460 461
460 465
460 470
460 551
461 470
461 494
461 909
462 464
462 589
462 734
463 470
463 476
463 498
463 669
463 736
464 470
464 471
464 480
465 472
465 715
466 467
466 518
467 468
467 521
467 785
468 474
468 713
469 471
469 637
470 499
470 501
471 475
471 479
471 655
472 476
472 479
472 485
472 575
473 482
474 692
474 732
474 944
476 498
476 947
477 488
477 829
478 495
478 498
478 627
478 956
479 483
479 484
479 900
480 759
482 715
483 494
483 498
484 497
485 493
486 822
488 496
488 553
488 717
488 839
489 817
491 914
493 677
493 938
494 877
494 985
498 499
498 535
498 591
498 731
499 945
500 506
500 518
500 522
500 530
500 550
500 556
500 587
500 590
500 610
500 612
500 615
500 629
500 659
500 661
500 671
500 681
500 687
500 697
500 730
500 784
500 798
500 818
500 883
500 892
500 906
500 917
500 918
500 920
500 956
500 965
500 979
500 981
501 586
501 596
501 605
501 615
501 631
501 635
501 644
501 655
501 681
501 684
501 706
501 710
501 713
501 715
501 759
501 767
501 784
501 802
501 803
501 811
501 832
501 887
501 894
501 927
501 980
501 984
502 534
502 564
502 573
502 621
502 628
502 661
502 687
502 692
502 696
502 702
502 723
502 742
502 757
502 773
502 797
502 815
502 822
502 867
502 890
502 930
502 974
502 986
503 552
503 602
503 615
503 641
503 674
503 714
503 721
503 741
503 748
503 755
503 779
503 792
503 805
503 831
503 848
503 857
503 869
503 884
503 892
503 926
503 937
503 940
503 983
503 986
503 996
504 556
504 567
504 586
504 638
504 657
504 659
504 702
504 713
504 776
504 806
504 818
504 823
504 829
504 843
504 915
504 947
504 963
504 978
505 540
505 546
505 556
505 570
505 578
505 581
505 601
505 602
505 624
505 636
505 670
505 695
505 697
505 716
505 727
505 729
505 730
505 740
505 751
505 780
505 795
505 813
505 819
505 822
505 860
505 878
505 892
505 900
505 958
505 967
505 993
506 519
506 537
506 573
506 585
506 589
506 592
506 608
506 616
506 662
506 668
506 678
506 723
506 738
506 742
506 757
506 785
506 791
506 824
506 897
506 905
506 909
506 954
506 976
506 980
506 987
507 579
507 646
507 674
507 689
507 702
507 724
507 732
507 758
507 800
507 812
507 823
507 828
507 858
507 865
507 880
507 900
507 907
507 925
507 926
507 949
507 955
508 511
508 516
508 534
508 566
508 609
508 651
508 695
508 716
508 725
508 727
508 752
508 756
508 774
508 780
508 799
508 822
508 834
508 860
508 869
508 892
508 900
508 932
508 936
508 959
508 976
508 990
508 992
508 999
509 526
509 611
509 632
509 640
509 649
509 671
509 682
509 684
509 699
509 714
509 725
509 741
509 743
509 760
509 762
509 766
509 822
509 825
509 832
509 851
509 853
509 886
509 892
509 898
509 923
509 944
509 968
509 970
509 985
510 539
510 553
510 576
510 577
510 595
510 604
510 636
510 638
510 646
510 655
510 682
510 695
510 733
510 772
510 809
510 826
510 840
510 850
510 922
510 932
510 993
511 517
511 530
511 532
511 555
511 565
511 601
511 652
511 673
511 686
511 708
511 777
511 838
511 855
511 905
511 948
511 985
511 991
512 587
512 609
512 613
512 654
512 659
512 673
512 693
512 696
512 709
512 720
512 724
512 737
512 752
512 786
512 831
512 833
512 871
512 873
512 876
512 878
512 881
512 965
512 986
512 990
513 528
513 562
513 588
513 598
513 606
513 622
513 644
513 670
513 673
513 752
513 760
513 763
513 785
513 808
513 824
513 826
513 839
513 859
513 875
513 899
513 908
513 909
513 938
513 971
513 982
513 987
514 516
514 529
514 530
514 531
514 542
514 612
514 613
514 642
514 724
514 762
514 770
514 791
514 798
514 815
514 855
514 879
514 881
514 885
514 939
514 955
514 956
514 987
515 519
515 520
515 521
515 531
515 535
515 539
515 554
515 563
515 565
515 567
515 584
515 586
515 605
515 626
515 631
515 645
515 662
515 672
515 679
515 698
515 708
515 725
515 729
515 756
515 774
515 798
515 799
515 835
515 897
515 901
515 903
515 936
515 937
515 938
515 941
515 950
515 958
515 967
515 994
516 519
516 533
516 546
516 611
516 629
516 665
516 670
516 691
516 693
516 706
516 708
516 750
516 813
516 817
516 857
516 862
516 867
516 876
516 899
516 901
516 902
516 921
516 933
516 936
516 946
516 954
516 990
516 991
517 569
517 584
517 705
517 706
517 711
517 752
517 785
517 794
517 866
517 885
517 895
517 929
517 930
517 941
517 942
517 960
518 532
518 572
518 579
518 598
518 604
518 625
518 651
518 734
518 743
518 777
518 792
518 805
518 808
518 839
518 859
518 907
518 920
518 932
518 941
518 943
518 976
518 979
518 983
518 996
519 523
519 534
519 555
519 662
519 696
519 707
519 716
519 723
519 739
519 747
519 772
519 790
519 811
519 844
519 894
519 897
519 898
519 929
519 934
519 946
520 528
520 572
520 614
520 645
520 666
520 675
520 722
520 741
520 764
520 772
520 790
520 794
520 802
520 812
520 874
520 912
520 965
520 996
521 525
521 531
521 632
521 659
521 668
521 669
521 678
521 717
521 763
521 771
521 773
521 786
521 855
521 893
521 918
521 937
521 947
521 979
521 984
522 567
522 571
522 578
522 580
522 581
522 680
522 697
522 712
522 730
522 747
522 755
522 819
522 835
522 865
522 870
522 882
522 890
522 891
522 915
522 928
522 932
522 939
522 979
523 539
523 557
523 568
523 594
523 596
523 624
523 644
523 660
523 672
523 674
523 684
523 686
523 693
523 700
523 702
523 779
523 790
523 795
523 820
523 861
523 868
523 890
523 912
523 920
523 946
523 952
523 981
523 982
523 986
523 995
524 528
524 539
524 590
524 602
524 621
524 658
524 673
524 676
524 689
524 702
524 741
524 744
524 749
524 751
524 793
524 799
524 804
524 817
524 827
524 845
524 854
524 886
524 906
524 912
524 914
524 935
524 949
524 953
524 955
524 961
524 962
525 550
525 580
525 645
525 736
525 743
525 756
525 765
525 774
525 779
525 804
525 819
525 831
525 848
525 874
525 891
525 987
526 533
526 550
526 553
526 571
526 584
526 589
526 594
526 632
526 698
526 714
526 724
526 737
526 747
526 830
526 858
526 859
526 890
526 904
526 925
526 937
526 964
526 996
527 559
527 563
527 580
527 583
527 592
527 599
527 613
527 628
527 631
527 675
527 684
527 712
527 713
527 725
527 742
527 819
527 842
527 896
527 919
527 948
527 957
527 985
527 994
528 538
528 551
528 582
528 595
528 611
528 612
528 616
528 642
528 648
528 653
528 659
528 715
528 726
528 727
528 737
528 741
528 745
528 747
528 801
528 835
528 844
528 867
528 927
528 940
528 945
529 537
529 621
529 638
529 685
529 688
529 716
529 723
529 818
529 844
529 867
529 885
529 902
529 905
529 918
529 920
529 948
529 958
529 971
529 977
530 569
530 590
530 633
530 637
530 649
530 656
530 677
530 792
530 812
530 833
530 852
530 897
530 931
530 942
530 971
530 988
531 594
531 612
531 631
531 645
531 688
531 696
531 721
531 734
531 735
531 747
531 757
531 758
531 770
531 819
531 832
531 866
531 868
531 916
531 930
531 981
532 550
532 555
532 624
532 665
532 679
532 681
532 695
532 710
532 720
532 732
532 742
532 761
532 793
532 796
532 842
532 884
532 895
532 902
532 903
532 906
532 908
532 919
532 923
533 536
533 568
533 571
533 589
533 629
533 631
533 642
533 680
533 720
533 724
533 759
533 764
533 766
533 791
533 798
533 820
533 829
533 855
533 891
533 933
533 945
533 946
533 983
533 996
534 562
534 563
534 564
534 601
534 612
534 639
534 676
534 712
534 716
534 732
534 740
534 755
534 759
534 766
534 772
534 798
534 801
534 818
534 834
534 837
534 840
534 841
534 853
534 898
534 904
534 905
534 993
535 576
535 585
535 599
535 609
535 623
535 769
535 816
535 831
535 834
535 843
535 851
535 890
535 896
535 983
535 985
535 996
535 997
536 553
536 577
536 604
536 651
536 668
536 678
536 692
536 753
536 813
536 831
536 832
536 872
536 889
536 890
536 900
536 955
536 960
536 994
536 998
537 605
537 607
537 612
537 627
537 638
537 646
537 657
537 658
537 669
537 670
537 680
537 695
537 705
537 782
537 788
537 809
537 827
537 841
537 862
537 891
537 911
537 937
537 944
537 966
537 972
537 973
537 989
538 546
538 559
538 570
538 591
538 594
538 608
538 639
538 669
538 685
538 739
538 758
538 797
538 958
538 959
538 963
538 994
539 545
539 563
539 612
539 620
539 631
539 675
539 676
539 682
539 688
539 691
539 703
539 708
539 775
539 796
539 826
539 847
539 855
539 886
539 915
539 920
539 936
539 981
540 563
540 565
540 595
540 612
540 619
540 637
540 644
540 662
540 677
540 689
540 783
540 809
540 849
540 874
540 884
540 887
540 908
540 930
540 970
541 549
541 555
541 562
541 582
541 608
541 625
541 651
541 715
541 719
541 743
541 745
541 764
541 767
541 780
541 786
541 817
541 837
541 840
541 853
541 873
541 900
541 905
541 917
541 937
541 975
541 977
542 556
542 581
542 599
542 600
542 604
542 636
542 649
542 650
542 655
542 660
542 673
542 742
542 746
542 763
542 764
542 779
542 797
542 803
542 810
542 824
542 851
542 868
542 884
542 923
542 927
542 957
542 978
542 985
542 996
543 548
543 554
543 568
543 599
543 609
543 626
543 631
543 652
543 660
543 684
543 688
543 714
543 729
543 753
543 771
543 772
543 797
543 809
543 824
543 835
543 840
543 850
543 863
543 881
543 891
543 902
543 903
543 965
543 967
544 597
544 607
544 621
544 628
544 641
544 711
544 713
544 736
544 809
544 810
544 823
544 844
544 869
544 909
544 927
544 928
544 938
544 954
544 975
545 620
545 627
545 630
545 663
545 666
545 673
545 695
545 698
545 711
545 736
545 750
545 800
545 803
545 838
545 872
545 916
545 924
545 927
545 930
545 964
545 978
545 995
546 550
546 566
546 580
546 613
546 620
546 637
546 639
546 641
546 651
546 652
546 659
546 673
546 681
546 686
546 688
546 708
546 714
546 720
546 721
546 763
546 787
546 788
546 793
546 828
546 853
546 895
546 904
546 910
546 912
546 924
546 953
546 971
547 551
547 559
547 597
547 606
547 615
547 633
547 639
547 641
547 655
547 659
547 667
547 676
547 683
547 732
547 756
547 757
547 760
547 770
547 772
547 816
547 843
547 880
547 884
547 895
547 971
547 988
548 549
548 559
548 602
548 608
548 664
548 685
548 692
548 709
548 730
548 740
548 747
548 759
548 774
548 784
548 792
548 798
548 865
548 869
548 896
548 909
548 912
548 913
548 930
548 962
548 978
548 992
548 997
549 550
549 558
549 571
549 591
549 593
549 608
549 630
549 634
549 640
549 685
549 686
549 690
549 713
549 719
549 751
549 844
549 862
549 898
549 905
549 917
549 963
549 968
550 554
550 634
550 637
550 641
550 656
550 658
550 679
550 684
550 703
550 713
550 720
550 741
550 771
550 776
550 800
550 819
550 847
550 853
550 858
550 868
550 882
550 886
550 890
550 900
550 939
550 944
550 946
550 959
550 981
550 990
550 999
551 553
551 594
551 597
551 626
551 635
551 672
551 680
551 728
551 730
551 746
551 752
551 815
551 818
551 859
551 867
551 883
551 886
551 887
551 891
551 914
551 931
551 946
551 963
551 973
551 975
551 995
552 570
552 613
552 641
552 653
552 680
552 687
552 696
552 731
552 748
552 750
552 779
552 792
552 797
552 833
552 834
552 841
552 843
552 952
552 995
552 998
552 999
553 564
553 574
553 590
553 611
553 623
553 635
553 636
553 664
553 689
553 690
553 704
553 718
553 723
553 740
553 782
553 805
553 844
553 845
553 873
553 888
553 895
553 896
553 910
553 911
553 925
553 943
553 957
553 973
554 578
554 601
554 605
554 624
554 640
554 662
554 679
554 699
554 760
554 764
554 765
554 766
554 815
554 818
554 849
554 851
554 854
554 873
554 879
554 903
554 946
554 954
554 976
554 985
554 994
555 560
555 577
555 588
555 640
555 647
555 651
555 697
555 724
555 725
555 729
555 751
555 752
555 754
555 762
555 763
555 776
555 822
555 843
555 891
555 909
555 928
555 932
555 934
555 938
555 970
555 984
555 987
555 997
556 669
556 715
556 750
556 751
556 780
556 784
556 788
556 790
556 802
556 827
556 841
556 878
556 885
556 902
556 915
556 916
556 931
556 979
556 983
556 986
556 995
556 996
557 604
557 626
557 644
557 654
557 659
557 669
557 679
557 713
557 731
557 739
557 754
557 757
557 761
557 792
557 818
557 822
557 835
557 849
557 867
557 875
557 880
557 884
557 905
557 919
557 930
557 940
557 942
557 943
557 956
557 958
557 964
557 974
557 993
558 577
558 585
558 626
558 650
558 662
558 673
558 681
558 688
558 690
558 726
558 731
558 741
558 749
558 758
558 762
558 771
558 780
558 787
558 800
558 812
558 813
558 838
558 842
558 881
558 901
558 902
558 905
558 911
558 912
558 919
558 925
558 989
559 562
559 571
559 589
559 592
559 594
559 599
559 665
559 686
559 720
559 742
559 746
559 757
559 785
559 800
559 809
559 831
559 846
559 854
559 916
559 936
559 960
559 964
559 968
559 970
559 971
559 983
560 594
560 596
560 618
560 623
560 628
560 663
560 686
560 697
560 714
560 794
560 905
560 915
560 924
560 929
560 960
560 997
561 591
561 601
561 646
561 649
561 651
561 686
561 701
561 729
561 731
561 741
561 773
561 784
561 836
561 844
561 846
561 887
561 890
561 915
561 936
561 964
561 982
562 564
562 597
562 600
562 609
562 639
562 660
562 684
562 699
562 700
562 707
562 737
562 739
562 749
562 762
562 772
562 776
562 781
562 822
562 834
562 877
562 881
562 947
562 964
562 972
562 979
563 587
563 589
563 599
563 616
563 628
563 630
563 644
563 671
563 689
563 692
563 693
563 741
563 806
563 817
563 844
563 846
563 860
563 867
563 869
563 879
563 888
563 899
563 919
563 930
563 995
564 599
564 682
564 688
564 720
564 721
564 729
564 757
564 763
564 766
564 767
564 782
564 786
564 795
564 796
564 807
564 811
564 813
564 820
564 855
564 862
564 877
564 880
564 903
564 931
564 954
564 962
564 991
565 594
565 599
565 620
565 631
565 670
565 685
565 686
565 711
565 717
565 726
565 743
565 798
565 801
565 824
565 857
565 860
565 921
565 929
565 935
565 937
565 976
565 997
566 593
566 596
566 609
566 623
566 634
566 641
566 649
566 720
566 731
566 737
566 738
566 749
566 767
566 773
566 783
566 802
566 830
566 832
566 835
566 853
566 887
566 900
566 901
566 924
566 955
566 992
566 997
567 600
567 602
567 618
567 622
567 630
567 639
567 654
567 669
567 723
567 728
567 750
567 761
567 774
567 805
567 831
567 877
567 909
567 911
567 921
567 928
567 939
568 569
568 592
568 597
568 624
568 657
568 691
568 695
568 700
568 701
568 722
568 723
568 725
568 766
568 768
568 802
568 820
568 826
568 839
568 870
568 903
568 916
568 920
568 921
568 947
569 617
569 680
569 695
569 702
569 704
569 733
569 742
569 748
569 771
569 773
569 796
569 805
569 839
569 841
569 848
569 885
569 904
569 916
569 922
569 935
569 938
569 972
569 983
570 581
570 600
570 608
570 623
570 736
570 740
570 742
570 745
570 750
570 785
570 795
570 838
570 899
570 913
570 915
570 924
570 955
570 991
570 992
570 998
571 586
571 591
571 593
571 604
571 665
571 673
571 700
571 709
571 742
571 768
571 772
571 782
571 786
571 787
571 800
571 848
571 876
571 917
571 960
571 975
571 980
571 988
571 992
571 997
572 595
572 601
572 609
572 649
572 702
572 726
572 731
572 746
572 749
572 758
572 769
572 773
572 782
572 785
572 789
572 822
572 823
572 836
572 846
572 859
572 875
572 880
572 894
572 917
572 932
572 953
572 960
572 982
573 603
573 632
573 651
573 656
573 668
573 674
573 684
573 688
573 712
573 749
573 750
573 785
573 835
573 890
573 891
573 893
573 902
573 904
573 928
573 973
573 987
574 592
574 604
574 613
574 631
574 657
574 666
574 675
574 681
574 693
574 697
574 698
574 709
574 735
574 756
574 759
574 791
574 839
574 877
574 907
574 948
574 952
574 953
574 972
574 985
575 587
575 594
575 639
575 698
575 717
575 743
575 756
575 761
575 781
575 811
575 833
575 884
575 921
575 953
575 977
576 651
576 685
576 686
576 755
576 822
576 842
576 858
576 868
576 903
576 921
576 924
576 932
576 951
576 961
576 982
577 584
577 589
577 593
577 628
577 633
577 637
577 675
577 680
577 703
577 717
577 759
577 767
577 805
577 825
577 835
577 898
577 927
577 952
577 963
578 602
578 608
578 611
578 630
578 646
578 669
578 687
578 695
578 737
578 774
578 777
578 779
578 822
578 823
578 833
578 845
578 846
578 854
578 858
578 879
578 893
578 898
578 901
578 933
578 973
578 978
579 614
579 624
579 721
579 776
579 848
579 853
579 878
579 896
579 904
579 937
579 938
579 969
579 972
579 994
579 997
580 589
580 647
580 650
580 697
580 699
580 724
580 732
580 736
580 740
580 742
580 754
580 771
580 791
580 801
580 824
580 937
580 947
580 977
580 999
581 591
581 597
581 630
581 646
581 708
581 719
581 730
581 794
581 822
581 825
581 827
581 834
581 868
581 870
581 878
581 907
581 931
581 945
581 962
582 584
582 589
582 613
582 624
582 630
582 631
582 644
582 646
582 655
582 674
582 687
582 734
582 756
582 772
582 808
582 816
582 890
582 941
582 982
582 996
583 584
583 589
583 592
583 601
583 607
583 624
583 643
583 645
583 655
583 659
583 676
583 896
583 942
583 944
584 589
584 590
584 593
584 597
584 613
584 650
584 680
584 710
584 720
584 725
584 732
584 780
584 783
584 815
584 834
584 848
584 858
584 862
584 872
584 898
584 940
584 945
584 958
584 966
584 970
584 972
584 981
584 995
585 594
585 636
585 637
585 647
585 655
585 673
585 679
585 681
585 682
585 683
585 693
585 733
585 737
585 754
585 846
585 848
585 857
585 873
585 893
585 902
585 904
585 919
585 948
585 957
585 965
585 972
586 587
586 610
586 613
586 626
586 699
586 710
586 717
586 742
586 767
586 770
586 774
586 815
586 823
586 831
586 847
586 882
586 890
586 925
586 933
586 955
586 962
586 973
586 988
587 589
587 592
587 630
587 661
587 662
587 682
587 696
587 756
587 770
587 774
587 818
587 840
587 850
587 916
587 924
587 926
587 934
587 942
587 962
587 977
587 997
588 599
588 616
588 620
588 621
588 691
588 702
588 727
588 731
588 752
588 757
588 759
588 799
588 843
588 859
588 881
588 884
588 900
588 909
588 920
588 933
588 989
589 594
589 619
589 630
589 650
589 653
589 673
589 677
589 691
589 694
589 700
589 703
589 762
589 769
589 774
589 799
589 801
589 810
589 864
589 878
589 883
589 918
589 930
589 967
589 984
590 600
590 606
590 607
590 608
590 635
590 653
590 713
590 725
590 799
590 839
590 845
590 856
590 877
590 916
590 955
590 979
590 985
591 638
591 664
591 688
591 699
591 718
591 724
591 731
591 733
591 737
591 758
591 768
591 769
591 789
591 797
591 817
591 829
591 839
591 842
591 883
591 888
591 918
591 948
591 994
591 998
592 627
592 633
592 645
592 713
592 724
592 739
592 756
592 776
592 833
592 859
592 907
592 910
592 916
592 976
592 985
592 989
593 604
593 613
593 619
593 660
593 696
593 707
593 715
593 755
593 768
593 810
593 831
593 842
593 854
593 856
593 870
593 890
593 904
593 931
593 995
593 998
594 610
594 629
594 651
594 675
594 694
594 736
594 747
594 770
594 797
594 806
594 807
594 809
594 822
594 829
594 831
594 833
594 869
594 878
594 935
594 962
594 985
595 603
595 607
595 624
595 693
595 708
595 748
595 753
595 788
595 792
595 795
595 800
595 810
595 823
595 854
595 891
595 898
595 919
595 924
595 926
595 944
595 950
595 953
595 983
595 984
595 995
596 606
596 615
596 668
596 676
596 691
596 718
596 779
596 800
596 865
596 871
596 883
596 885
596 887
596 934
596 969
596 971
597 626
597 641
597 648
597 654
597 670
597 671
597 673
597 691
597 717
597 728
597 744
597 747
597 749
597 781
597 803
597 809
597 866
597 874
597 875
597 885
597 897
597 919
597 984
598 599
598 616
598 632
598 636
598 645
598 692
598 714
598 725
598 733
598 755
598 798
598 835
598 836
598 887
598 899
598 959
598 960
598 974
598 975
598 977
598 981
599 606
599 636
599 664
599 671
599 718
599 728
599 741
599 755
599 756
599 851
599 855
599 859
599 901
599 929
599 955
599 957
600 645
600 675
600 691
600 697
600 756
600 773
600 780
600 831
600 854
600 903
600 909
600 912
600 915
600 916
600 938
600 967
600 999
601 640
601 642
601 690
601 704
601 725
601 743
601 760
601 771
601 824
601 829
601 838
601 863
601 875
601 908
601 925
601 926
601 936
601 939
601 947
601 964
601 969
601 973
602 660
602 666
602 679
602 696
602 734
602 762
602 764
602 783
602 866
602 869
602 877
602 891
602 892
602 902
602 918
602 995
603 627
603 633
603 639
603 667
603 672
603 674
603 740
603 742
603 757
603 780
603 797
603 800
603 813
603 863
603 924
603 926
603 944
603 985
604 646
604 648
604 658
604 675
604 738
604 739
604 757
604 772
604 792
604 832
604 893
604 928
604 932
604 963
604 969
605 613
605 623
605 670
605 701
605 703
605 732
605 737
605 749
605 760
605 785
605 839
605 842
605 843
605 866
605 870
605 942
605 949
605 952
605 974
605 984
605 999
606 614
606 618
606 676
606 681
606 699
606 706
606 753
606 762
606 770
606 778
606 781
606 794
606 842
606 846
606 892
606 895
606 906
606 916
606 929
606 932
606 960
607 650
607 658
607 675
607 677
607 688
607 702
607 731
607 747
607 773
607 790
607 801
607 815
607 819
607 831
607 835
607 924
607 927
607 929
607 947
607 954
607 991
608 615
608 644
608 678
608 706
608 739
608 766
608 773
608 778
608 815
608 845
608 891
608 894
608 895
608 927
608 948
608 954
608 960
608 969
608 981
609 610
609 654
609 673
609 679
609 692
609 700
609 716
609 752
609 787
609 795
609 800
609 858
609 865
609 885
609 893
609 993
610 634
610 635
610 651
610 679
610 688
610 691
610 699
610 706
610 709
610 767
610 771
610 773
610 826
610 830
610 876
610 884
610 892
610 897
610 936
610 956
610 979
610 999
611 614
611 638
611 644
611 675
611 676
611 678
611 702
611 725
611 748
611 751
611 759
611 809
611 814
611 841
611 845
611 871
611 902
611 948
611 949
611 955
611 971
611 991
612 642
612 703
612 737
612 740
612 751
612 784
612 841
612 848
612 856
612 858
612 868
612 970
613 650
613 687
613 732
613 738
613 744
613 769
613 801
613 809
613 821
613 838
613 843
613 863
613 872
613 875
613 897
613 922
613 931
613 954
613 967
613 968
613 970
613 981
613 997
614 656
614 689
614 736
614 743
614 752
614 808
614 824
614 834
614 841
614 876
614 878
614 881
614 886
614 891
614 925
614 931
614 956
614 981
614 997
615 765
615 767
615 772
615 781
615 802
615 809
615 816
615 817
615 819
615 867
615 870
615 875
615 890
615 912
615 935
615 940
615 965
615 986
616 632
616 683
616 693
616 773
616 792
616 819
616 854
616 898
616 907
616 913
616 915
616 927
616 958
616 965
616 971
616 986
617 623
617 633
617 634
617 649
617 680
617 685
617 699
617 706
617 718
617 743
617 759
617 770
617 788
617 813
617 820
617 833
617 841
617 861
617 863
617 933
617 975
618 625
618 644
618 647
618 656
618 664
618 675
618 713
618 739
618 743
618 826
618 851
618 874
618 875
618 876
618 881
618 924
618 927
618 932
618 978
618 990
618 991
618 996
619 658
619 682
619 705
619 722
619 766
619 769
619 797
619 808
619 811
619 822
619 824
619 846
619 888
619 989
620 623
620 625
620 658
620 663
620 664
620 691
620 696
620 732
620 738
620 779
620 786
620 789
620 835
620 840
620 860
620 883
620 890
620 892
620 905
620 908
620 927
620 938
620 956
620 982
620 987
621 668
621 685
621 741
621 760
621 803
621 820
621 841
621 869
621 885
621 887
621 900
621 902
621 928
622 652
622 656
622 669
622 703
622 713
622 715
622 725
622 747
622 799
622 806
622 808
622 868
622 922
622 941
622 952
622 955
622 968
622 971
622 989
622 991
622 994
623 655
623 668
623 673
623 676
623 685
623 691
623 723
623 750
623 752
623 761
623 777
623 807
623 813
623 836
623 862
623 880
623 894
623 897
623 910
623 915
623 927
623 930
623 959
623 966
623 981
624 646
624 660
624 728
624 751
624 785
624 787
624 788
624 796
624 822
624 851
624 871
624 887
624 898
624 933
624 936
624 946
624 949
624 960
624 968
624 970
625 642
625 650
625 701
625 703
625 710
625 719
625 756
625 759
625 760
625 788
625 819
625 824
625 826
625 867
625 893
625 896
625 898
625 946
625 953
625 956
625 961
625 963
626 636
626 661
626 739
626 769
626 798
626 803
626 822
626 837
626 853
626 863
626 878
626 883
626 921
626 934
626 948
626 983
627 645
627 680
627 701
627 771
627 797
627 812
627 815
627 859
627 871
627 879
627 883
627 889
627 902
627 951
627 963
627 968
627 974
627 983
628 632
628 644
628 666
628 669
628 678
628 679
628 722
628 741
628 762
628 797
628 812
628 824
628 835
628 836
628 852
628 865
628 877
628 914
628 919
628 944
628 965
628 975
628 986
628 990
629 637
629 643
629 667
629 705
629 713
629 731
629 741
629 747
629 778
629 796
629 839
629 865
629 900
629 903
629 936
629 962
629 965
630 634
630 671
630 693
630 727
630 742
630 779
630 810
630 825
630 866
630 879
630 910
630 943
630 987
631 676
631 689
631 721
631 746
631 763
631 764
631 768
631 771
631 833
631 849
631 859
631 866
631 868
631 871
631 889
631 926
631 954
631 987
632 644
632 649
632 661
632 671
632 697
632 730
632 760
632 816
632 820
632 904
632 908
632 917
632 943
632 957
632 977
632 981
633 638
633 660
633 672
633 689
633 690
633 723
633 738
633 850
633 857
633 876
633 884
633 909
633 922
633 930
633 940
634 638
634 640
634 645
634 661
634 700
634 716
634 815
634 825
634 845
634 865
634 887
634 897
634 911
634 974
634 999
635 647
635 701
635 707
635 722
635 731
635 746
635 753
635 790
635 805
635 807
635 832
635 855
635 875
635 898
635 922
635 939
635 945
636 643
636 659
636 671
636 675
636 679
636 696
636 711
636 730
636 731
636 823
636 859
636 897
636 940
636 963
636 994
637 638
637 650
637 665
637 679
637 732
637 734
637 740
637 751
637 789
637 790
637 802
637 816
637 827
637 828
637 862
637 867
637 911
637 925
637 985
638 640
638 674
638 684
638 687
638 730
638 746
638 747
638 763
638 777
638 787
638 794
638 805
638 831
638 832
638 851
638 862
638 881
638 884
638 887
638 914
638 927
638 972
639 657
639 715
639 723
639 756
639 766
639 777
639 787
639 791
639 819
639 844
639 847
639 898
639 925
639 955
639 957
639 989
640 648
640 656
640 681
640 689
640 710
640 718
640 724
640 748
640 764
640 776
640 780
640 787
640 805
640 830
640 832
640 841
640 843
640 847
640 927
640 960
640 973
640 980
640 982
641 699
641 716
641 722
641 738
641 752
641 757
641 875
641 882
641 933
641 946
641 982
641 987
642 667
642 669
642 702
642 704
642 731
642 739
642 767
642 772
642 775
642 777
642 800
642 801
642 850
642 862
642 907
642 924
642 940
642 952
642 953
642 957
642 962
642 965
643 646
643 680
643 686
643 730
643 737
643 747
643 764
643 770
643 815
643 820
643 829
643 849
643 876
643 882
643 904
643 931
643 944
643 964
644 694
644 701
644 718
644 722
644 787
644 816
644 829
644 870
644 886
644 899
644 916
644 926
644 935
644 991
645 654
645 679
645 682
645 724
645 738
645 747
645 761
645 799
645 836
645 863
645 900
645 918
645 926
645 933
645 963
645 975
645 979
645 982
645 990
645 997
646 683
646 687
646 702
646 715
646 751
646 775
646 777
646 785
646 793
646 809
646 827
646 844
646 860
646 886
646 901
646 908
646 932
646 941
646 953
646 956
647 653
647 654
647 703
647 709
647 714
647 720
647 725
647 736
647 755
647 760
647 793
647 829
647 850
647 881
647 887
647 906
647 938
647 948
647 951
647 977
647 986
647 998
648 658
648 691
648 722
648 751
648 783
648 787
648 807
648 824
648 830
648 866
648 868
648 952
648 974
649 650
649 677
649 688
649 712
649 761
649 772
649 794
649 823
649 873
649 885
649 922
649 923
649 928
650 658
650 668
650 741
650 773
650 786
650 841
650 860
650 888
650 917
650 955
650 964
650 968
650 987
651 652
651 662
651 667
651 694
651 710
651 736
651 779
651 788
651 814
651 842
651 853
651 863
651 875
651 896
651 899
651 931
652 659
652 692
652 708
652 709
652 713
652 733
652 737
652 782
652 818
652 849
652 856
652 958
653 659
653 660
653 664
653 666
653 694
653 715
653 767
653 793
653 798
653 800
653 824
653 827
653 872
653 893
653 927
653 933
653 949
653 961
653 965
653 977
653 998
654 676
654 694
654 731
654 743
654 790
654 836
654 845
654 891
654 982
654 996
655 691
655 697
655 727
655 738
655 744
655 755
655 804
655 837
655 867
655 886
655 922
655 925
655 940
655 947
655 950
655 963
656 719
656 778
656 780
656 791
656 799
656 845
656 858
656 863
656 865
656 873
656 941
656 946
656 957
656 963
656 992
657 702
657 706
657 717
657 819
657 842
657 844
657 847
657 851
657 875
657 876
657 912
657 919
657 963
657 970
658 674
658 694
658 704
658 710
658 717
658 728
658 765
658 797
658 833
658 859
658 865
658 917
658 919
659 671
659 675
659 676
659 691
659 717
659 718
659 743
659 762
659 809
659 836
659 861
659 890
659 894
659 904
659 964
659 965
659 992
660 663
660 697
660 709
660 726
660 754
660 766
660 815
660 858
660 883
660 890
660 942
660 958
660 966
660 982
660 984
660 988
660 991
661 695
661 714
661 792
661 841
661 856
661 870
661 880
661 889
661 897
661 936
661 942
661 980
661 992
662 684
662 687
662 722
662 733
662 787
662 789
662 805
662 807
662 837
662 862
662 899
662 912
662 942
662 997
663 674
663 679
663 754
663 757
663 766
663 784
663 795
663 858
663 873
663 884
663 937
663 955
663 961
663 962
663 964
664 703
664 708
664 718
664 737
664 763
664 769
664 778
664 819
664 835
664 857
664 861
664 941
664 985
664 986
665 675
665 678
665 683
665 687
665 699
665 708
665 789
665 799
665 823
665 848
665 853
665 855
665 947
665 950
665 983
665 987
665 994
666 668
666 681
666 746
666 767
666 802
666 837
666 845
666 861
666 892
666 897
666 906
666 919
666 967
666 968
666 976
666 993
667 703
667 736
667 756
667 789
667 810
667 815
667 828
667 841
667 893
667 895
667 899
667 903
667 932
667 966
667 974
667 975
667 995
668 672
668 703
668 723
668 756
668 759
668 765
668 797
668 815
668 822
668 826
668 833
668 834
668 841
668 871
668 890
668 898
668 919
668 947
668 948
668 969
668 986
669 717
669 734
669 760
669 770
669 771
669 781
669 813
669 822
669 861
669 924
669 948
669 964
669 966
669 973
669 977
669 986
669 996
670 682
670 692
670 701
670 716
670 717
670 777
670 787
670 791
670 824
670 830
670 834
670 880
670 890
670 904
670 906
670 919
670 935
670 942
670 946
670 960
670 971
670 987
671 675
671 691
671 702
671 707
671 778
671 853
671 857
671 917
671 946
671 959
671 966
672 732
672 760
672 771
672 772
672 804
672 826
672 829
672 853
672 884
672 916
672 929
672 966
672 984
672 992
672 993
673 675
673 679
673 690
673 731
673 738
673 748
673 755
673 760
673 765
673 766
673 767
673 791
673 803
673 805
673 809
673 837
673 855
673 865
673 877
673 886
673 915
673 922
673 937
673 938
673 943
673 948
673 954
673 964
674 679
674 682
674 695
674 719
674 723
674 735
674 740
674 755
674 757
674 772
674 782
674 795
674 804
674 853
674 855
674 872
674 897
674 925
674 990
675 690
675 803
675 814
675 841
675 915
675 942
675 954
675 959
675 969
676 684
676 689
676 693
676 696
676 737
676 752
676 760
676 761
676 762
676 768
676 805
676 807
676 816
676 846
676 865
676 876
676 894
676 911
676 920
676 943
676 971
677 692
677 693
677 736
677 739
677 742
677 745
677 748
677 786
677 810
677 813
677 819
677 831
677 843
677 848
677 895
677 896
677 897
677 930
677 957
677 979
678 694
678 695
678 713
678 718
678 754
678 759
678 789
678 796
678 797
678 827
678 875
678 891
678 898
678 927
678 940
678 965
678 970
678 973
678 974
678 990
679 680
679 683
679 699
679 724
679 727
679 792
679 794
679 808
679 820
679 824
679 840
679 844
679 876
679 878
679 886
679 890
679 910
679 911
679 925
679 944
679 956
680 703
680 749
680 760
680 774
680 779
680 814
680 828
680 845
680 854
680 881
680 899
680 916
680 973
681 735
681 756
681 780
681 811
681 833
681 845
681 849
681 893
681 901
681 919
681 934
681 953
681 961
681 991
681 993
682 732
682 734
682 756
682 782
682 793
682 869
682 903
682 904
682 923
682 977
682 992
683 731
683 741
683 756
683 761
683 767
683 773
683 780
683 785
683 803
683 810
683 839
683 851
683 890
683 894
683 903
683 932
683 966
683 968
684 701
684 717
684 723
684 728
684 730
684 732
684 770
684 772
684 791
684 809
684 815
684 824
684 861
684 876
684 891
684 939
684 994
685 708
685 716
685 742
685 748
685 758
685 806
685 808
685 817
685 824
685 840
685 848
685 885
685 890
685 902
685 915
685 935
685 949
686 712
686 713
686 723
686 727
686 731
686 738
686 743
686 772
686 777
686 806
686 815
686 818
686 825
686 832
686 857
686 860
686 869
686 878
686 892
686 895
686 918
686 927
686 945
686 947
686 954
686 966
687 702
687 708
687 772
687 791
687 822
687 853
687 862
687 865
687 873
687 927
688 698
688 707
688 767
688 772
688 782
688 789
688 803
688 810
688 816
688 841
688 849
688 851
688 881
688 900
688 922
688 931
688 933
688 936
688 944
688 966
688 974
688 983
689 716
689 717
689 718
689 727
689 730
689 736
689 792
689 802
689 810
689 819
689 826
689 842
689 850
689 903
689 917
689 947
689 978
690 693
690 740
690 759
690 764
690 784
690 787
690 816
690 833
690 836
690 840
690 882
690 890
690 916
690 925
690 943
690 944
690 978
691 714
691 737
691 756
691 779
691 800
691 807
691 812
691 837
691 858
691 871
691 877
691 917
691 931
691 998
691 999
692 704
692 714
692 717
692 741
692 748
692 762
692 769
692 782
692 786
692 791
692 798
692 820
692 825
692 827
692 832
692 865
692 886
692 899
692 958
692 961
692 964
692 995
692 996
693 699
693 716
693 717
693 729
693 731
693 788
693 799
693 815
693 827
693 831
693 834
693 852
693 932
693 942
693 952
693 986
694 697
694 725
694 766
694 774
694 802
694 864
694 878
694 917
694 934
694 935
694 939
694 965
694 970
694 982
694 985
695 709
695 724
695 728
695 756
695 837
695 841
695 852
695 854
695 876
695 901
695 903
695 936
695 956
695 989
695 999
696 704
696 743
696 765
696 811
696 841
696 912
696 921
696 923
696 927
696 946
696 995
697 704
697 708
697 776
697 781
697 783
697 787
697 890
697 914
697 935
697 950
697 953
697 957
697 958
697 959
697 964
697 972
697 983
698 717
698 732
698 747
698 764
698 798
698 800
698 847
698 938
698 944
698 959
698 970
698 975
699 735
699 740
699 758
699 794
699 802
699 806
699 807
699 815
699 825
699 826
699 885
699 907
699 915
699 931
699 946
699 952
699 984
699 991
700 710
700 727
700 764
700 786
700 789
700 799
700 814
700 825
700 857
700 896
700 897
700 900
700 922
700 937
700 953
700 958
701 738
701 748
701 783
701 807
701 835
701 862
701 900
701 918
701 921
701 927
701 931
701 943
701 946
701 983
702 705
702 730
702 733
702 858
702 865
702 873
702 880
702 889
702 893
702 904
702 914
702 934
702 978
702 979
703 708
703 721
703 725
703 727
703 770
703 774
703 776
703 782
703 822
703 924
703 949
703 963
703 982
703 991
703 993
704 793
704 818
704 822
704 840
704 880
704 887
704 916
704 920
704 941
704 951
704 957
705 717
705 728
705 733
705 748
705 749
705 810
705 813
705 842
705 867
705 884
705 887
705 892
705 897
705 954
705 957
705 961
705 970
705 986
706 709
706 732
706 761
706 764
706 800
706 822
706 826
706 841
706 890
706 904
706 952
706 953
707 734
707 752
707 812
707 834
707 838
707 862
707 872
707 881
707 912
707 917
707 922
707 942
707 964
707 996
708 752
708 755
708 771
708 773
708 785
708 812
708 822
708 823
708 836
708 854
708 876
708 907
708 975
708 985
708 987
709 760
709 785
709 787
709 789
709 811
709 868
709 906
709 917
709 963
709 993
709 994
710 793
710 794
710 801
710 803
710 806
710 835
710 849
710 859
710 861
710 870
710 919
710 925
710 934
710 983
711 739
711 740
711 743
711 750
711 758
711 787
711 827
711 828
711 884
711 887
711 900
711 909
711 931
711 987
711 995
712 746
712 782
712 825
712 834
712 882
712 887
712 891
712 947
712 975
712 988
712 995
713 739
713 777
713 784
713 804
713 866
713 889
713 897
713 930
713 942
713 980
714 717
714 720
714 733
714 762
714 767
714 777
714 821
714 919
714 942
714 967
714 984
714 999
715 757
715 766
715 794
715 811
715 852
715 853
715 860
715 865
715 986
715 995
715 997
716 744
716 756
716 765
716 772
716 787
716 804
716 805
716 812
716 829
716 830
716 836
716 845
716 851
716 866
716 868
716 882
716 968
717 731
717 748
717 753
717 775
717 806
717 812
717 822
717 839
717 856
717 903
717 905
717 935
717 939
717 952
717 990
717 991
717 992
718 767
718 770
718 783
718 841
718 848
718 862
718 887
718 900
718 947
718 980
718 991
718 999
719 742
719 760
719 781
719 791
719 801
719 814
719 839
719 845
719 850
719 861
719 868
719 879
719 941
719 948
719 987
719 997
720 810
720 819
720 856
720 876
720 877
720 885
720 948
720 987
721 723
721 726
721 752
721 760
721 778
721 804
721 820
721 854
721 861
721 866
721 894
721 914
721 952
721 973
721 978
721 998
722 729
722 738
722 747
722 749
722 784
722 788
722 809
722 856
722 883
722 923
722 939
722 949
722 964
722 965
722 968
722 981
722 984
722 991
722 998
723 750
723 818
723 854
723 888
723 920
723 929
723 962
723 983
723 988
723 996
723 999
724 743
724 771
724 782
724 804
724 837
724 849
724 866
724 897
724 940
724 942
724 945
724 947
724 957
724 959
724 960
724 969
724 993
725 726
725 747
725 761
725 803
725 849
725 860
725 878
725 923
725 942
725 970
726 748
726 765
726 799
726 806
726 834
726 847
726 932
726 938
726 945
726 946
726 986
726 996
726 998
727 749
727 769
727 819
727 843
727 848
727 863
727 931
727 958
727 959
728 742
728 765
728 779
728 785
728 807
728 856
728 902
728 922
728 950
728 984
729 734
729 784
729 850
729 852
729 909
729 922
729 931
729 939
729 948
729 976
729 987
730 742
730 750
730 752
730 770
730 771
730 775
730 783
730 805
730 839
730 860
730 861
730 874
730 896
730 950
731 744
731 756
731 794
731 798
731 848
731 852
731 890
731 899
731 901
731 952
731 969
731 971
732 757
732 775
732 790
732 792
732 829
732 844
732 907
732 916
732 918
732 930
732 970
732 987
733 745
733 750
733 778
733 827
733 837
733 843
733 859
733 868
733 888
733 895
733 904
733 934
733 942
733 990
734 745
734 776
734 793
734 815
734 817
734 838
734 885
734 891
734 899
734 904
735 745
735 757
735 796
735 797
735 840
735 899
735 904
735 980
736 750
736 772
736 820
736 863
736 941
736 956
737 752
737 761
737 773
737 822
737 883
737 884
737 890
737 896
737 913
737 968
737 971
737 976
738 747
738 755
738 758
738 778
738 780
738 823
738 830
738 837
738 852
738 865
738 874
738 893
738 894
738 907
738 911
738 935
738 944
738 963
739 745
739 778
739 779
739 790
739 800
739 859
739 877
739 898
739 912
739 921
739 969
739 973
739 977
739 993
740 744
740 775
740 785
740 811
740 827
740 834
740 851
740 859
740 863
740 893
740 921
740 962
740 997
741 787
741 808
741 827
741 835
741 845
741 875
741 917
741 969
741 989
742 783
742 798
742 810
742 828
742 830
742 849
742 857
742 880
742 903
742 905
742 906
742 908
742 937
742 955
742 958
743 745
743 749
743 763
743 804
743 814
743 841
743 860
743 862
743 884
743 920
743 933
743 955
743 969
743 973
743 978
743 982
744 791
744 820
744 821
744 837
744 902
744 915
744 923
744 956
744 979
744 993
745 757
745 762
745 766
745 795
745 808
745 815
745 838
745 840
745 849
745 893
745 899
745 919
745 924
745 928
745 944
746 751
746 775
746 809
746 818
746 823
746 831
746 837
746 867
746 878
746 881
746 883
746 887
746 947
746 958
746 963
746 980
746 989
746 999
747 754
747 765
747 813
747 846
747 863
747 903
747 916
747 928
747 954
747 985
748 751
748 753
748 763
748 772
748 794
748 808
748 812
748 882
748 903
748 935
748 943
748 944
748 954
748 978
748 995
748 998
749 809
749 843
749 907
749 932
749 949
749 954
749 988
749 990
749 993
750 786
750 832
750 847
750 867
750 912
750 922
751 752
751 753
751 764
751 767
751 795
751 809
751 813
751 892
751 928
751 938
751 941
751 976
751 992
752 773
752 810
752 825
752 876
752 878
752 886
752 923
752 945
752 950
753 756
753 770
753 774
753 777
753 786
753 800
753 845
753 896
753 931
753 965
754 764
754 799
754 808
754 818
754 831
754 884
754 895
754 905
754 915
754 945
754 960
754 979
754 985
754 996
754 997
755 781
755 797
755 809
755 826
755 828
755 830
755 854
755 870
755 993
756 789
756 802
756 812
756 814
756 820
756 828
756 829
756 835
756 840
756 849
756 878
756 885
756 889
756 890
756 899
756 902
756 919
756 933
756 963
756 966
757 789
757 790
757 821
757 825
757 840
757 850
757 853
757 917
757 930
757 950
757 955
758 762
758 786
758 814
758 817
758 828
758 859
758 870
758 876
758 886
758 891
758 912
758 934
759 774
759 779
759 807
759 808
759 820
759 840
759 853
759 870
759 908
759 915
760 765
760 775
760 796
760 799
760 828
760 852
760 861
760 878
760 884
760 894
760 909
760 922
760 933
760 943
760 952
760 968
760 974
761 785
761 789
761 804
761 833
761 835
761 845
761 848
761 870
761 873
761 910
761 912
762 770
762 776
762 779
762 783
762 798
762 799
762 800
762 804
762 814
762 860
762 884
762 899
762 913
762 950
762 969
762 994
763 778
763 779
763 823
763 828
763 830
763 890
763 947
764 810
764 846
764 847
764 861
764 874
764 884
764 895
764 903
764 906
764 941
764 961
764 965
764 987
764 989
765 778
765 781
765 783
765 791
765 809
765 814
765 842
765 863
765 870
765 948
765 971
766 770
766 791
766 793
766 824
766 833
766 835
766 859
766 869
766 882
766 886
766 894
766 910
766 925
766 956
766 980
767 774
767 782
767 810
767 816
767 825
767 826
767 853
767 878
767 883
767 890
767 914
767 923
767 927
767 938
768 772
768 822
768 826
768 889
768 890
768 904
768 907
768 939
768 951
769 806
769 825
769 841
769 851
769 856
769 872
769 880
769 933
769 952
769 957
769 962
769 969
769 979
770 816
770 818
770 839
770 850
770 855
770 869
770 877
770 914
770 915
770 923
770 928
770 980
770 988
770 997
771 778
771 786
771 798
771 820
771 838
771 846
771 884
771 946
771 962
771 963
771 969
771 993
772 795
772 820
772 839
772 856
772 910
772 997
773 789
773 790
773 798
773 799
773 811
773 824
773 842
773 871
773 873
773 876
773 913
773 918
773 920
773 948
773 972
773 983
773 986
773 996
774 806
774 830
774 832
774 838
774 844
774 855
774 866
774 870
774 872
774 903
774 937
774 949
774 996
775 778
775 839
775 865
775 871
775 882
775 885
775 916
775 968
775 971
776 778
776 936
776 951
776 974
776 979
776 992
777 784
777 785
777 787
777 791
777 792
777 809
777 859
777 901
777 920
777 941
778 802
778 813
778 826
778 835
778 837
778 888
779 785
779 791
779 815
779 835
779 876
779 901
779 906
779 913
779 918
779 940
779 946
779 966
779 967
779 991
780 783
780 798
780 816
780 894
780 897
780 903
780 944
780 963
781 813
781 814
781 818
781 835
781 838
781 857
781 864
781 900
781 933
781 948
781 957
781 963
781 966
781 975
781 995
782 798
782 856
782 912
782 920
782 926
782 949
782 971
782 974
782 988
782 991
783 784
783 830
783 833
783 846
783 897
783 908
783 912
783 933
783 934
783 939
783 956
783 997
784 807
784 828
784 847
784 866
784 867
784 890
784 894
784 921
784 929
784 944
784 945
785 840
785 935
786 800
786 810
786 814
786 822
786 847
786 896
786 909
786 940
786 953
786 966
786 974
786 976
787 793
787 837
787 844
787 877
787 880
787 899
787 904
787 921
787 928
787 929
787 944
787 945
787 946
787 950
787 955
787 984
787 986
788 808
788 849
788 859
788 877
788 893
788 899
788 909
788 913
788 972
789 806
789 837
789 854
789 862
789 866
789 887
789 899
789 937
789 946
789 991
790 823
790 824
790 839
790 844
790 871
790 895
790 899
790 935
790 948
790 957
790 965
790 969
790 985
791 813
791 814
791 818
791 836
791 881
791 924
791 957
791 998
792 819
792 830
792 841
792 854
792 870
792 873
792 888
792 906
792 919
792 947
792 980
792 982
792 983
792 993
793 803
793 853
793 863
793 883
793 898
793 907
793 943
793 970
793 994
793 996
794 807
794 819
794 853
794 858
794 881
794 888
794 903
794 905
794 935
794 945
794 972
794 994
794 998
795 804
795 808
795 873
795 875
795 886
795 904
795 935
795 969
795 970
795 982
795 988
796 809
796 817
796 840
796 852
796 872
796 881
796 899
796 904
796 905
796 920
796 967
796 983
797 815
797 828
797 829
797 857
797 859
797 868
797 881
797 922
797 923
797 932
797 937
797 938
797 954
797 955
798 816
798 822
798 872
798 873
798 881
798 899
798 922
798 969
798 987
799 842
799 858
799 864
799 884
799 911
799 920
799 922
799 936
799 943
799 946
799 990
799 996
800 813
800 833
800 837
800 840
800 855
800 864
800 913
800 918
800 937
800 964
800 990
800 991
801 802
801 809
801 820
801 829
801 832
801 842
801 859
801 861
801 876
801 884
801 908
801 957
801 979
802 807
802 813
802 819
802 825
802 839
802 845
802 859
802 883
802 886
802 973
802 978
802 993
803 818
803 844
803 884
803 897
803 911
803 942
803 944
803 973
803 994
804 824
804 826
804 856
804 868
804 871
804 893
804 908
804 923
804 948
804 961
804 988
804 989
804 996
805 811
805 820
805 830
805 836
805 890
805 951
805 955
805 956
805 994
805 997
806 889
806 915
806 953
806 962
806 973
806 984
806 993
807 840
807 859
807 865
807 896
807 916
807 927
807 934
807 958
807 960
808 818
808 860
808 866
808 886
808 917
808 918
808 930
808 933
808 979
809 827
809 844
809 889
809 925
809 963
809 986
809 988
809 998
810 819
810 844
810 855
810 861
810 877
810 891
810 896
810 898
810 925
810 948
810 961
810 975
811 820
811 836
811 911
811 939
811 951
811 979
812 836
812 878
812 892
812 907
812 928
812 929
812 960
812 985
813 831
813 843
813 919
813 926
813 927
813 928
813 938
813 975
813 983
814 818
814 869
814 880
814 900
814 919
814 927
814 932
814 976
814 997
815 822
815 920
815 925
815 959
815 963
815 979
816 822
816 866
816 869
816 876
816 925
816 928
816 985
816 995
817 841
817 862
817 921
817 939
817 976
817 992
818 834
818 883
818 924
818 954
818 963
819 823
819 826
819 830
819 842
819 871
819 899
819 916
819 930
819 937
819 944
819 959
820 840
820 849
820 857
820 878
820 893
820 908
820 954
820 972
820 989
821 870
821 917
821 931
821 934
821 944
821 958
821 963
822 827
822 829
822 837
822 838
822 840
822 852
822 853
822 891
822 920
822 933
823 836
823 857
823 860
823 863
823 869
823 910
823 980
823 994
824 830
824 851
824 877
824 890
824 913
824 924
824 937
824 972
824 983
825 858
825 875
825 941
825 943
825 946
825 949
825 958
825 987
826 842
826 849
826 856
826 864
826 880
826 898
826 899
826 905
826 932
826 945
826 953
826 966
827 831
827 835
827 865
827 875
827 917
827 933
827 951
827 989
827 998
828 834
828 873
828 921
828 952
828 967
828 996
829 860
829 867
829 896
830 891
830 898
830 957
830 972
830 991
830 995
831 845
831 851
831 855
831 880
831 887
831 905
831 983
831 993
831 994
832 838
832 891
832 929
832 937
832 963
833 835
833 918
833 923
833 929
833 999
834 849
834 882
834 925
834 946
834 987
834 998
835 846
835 860
835 875
835 900
835 911
835 930
835 952
835 969
835 972
835 993
835 995
835 998
836 842
836 849
836 858
836 891
836 896
836 927
836 938
836 943
836 992
837 842
837 932
837 933
837 946
837 973
837 976
837 988
838 865
838 900
838 980
838 982
839 844
839 859
839 876
839 896
839 903
839 919
839 936
839 974
839 975
839 993
839 994
840 901
840 907
840 914
840 952
840 965
840 978
840 990
841 881
841 887
841 914
842 882
842 904
842 905
842 928
842 944
842 984
842 991
842 996
843 864
843 878
843 884
843 891
843 892
843 895
843 930
843 960
843 969
843 989
844 851
844 868
844 892
844 897
844 953
844 980
844 983
844 989
845 879
845 895
845 941
845 946
845 955
845 958
845 979
845 996
846 865
846 899
846 927
846 939
846 953
846 969
846 991
846 998
847 861
847 899
847 910
847 914
847 955
847 987
848 857
848 859
848 881
848 884
848 887
848 889
848 898
848 950
848 963
848 998
849 939
849 960
850 864
850 866
850 937
850 952
850 968
850 993
851 925
851 929
851 939
851 940
851 985
851 990
851 998
852 863
852 864
852 883
852 886
852 899
852 912
852 918
852 929
852 930
852 948
852 959
852 965
852 973
853 871
853 889
853 896
853 898
853 912
853 938
853 996
853 998
854 876
854 885
854 901
854 932
854 943
854 960
855 876
856 871
856 882
856 896
856 907
856 922
856 971
856 998
857 862
857 869
857 876
858 862
858 873
858 883
858 896
858 937
858 951
858 963
858 993
858 995
859 886
859 897
859 910
859 916
859 944
859 946
859 995
860 874
860 903
860 906
860 907
860 908
860 916
860 920
860 945
860 963
860 989
861 869
861 907
861 925
861 931
861 958
861 968
862 865
862 875
862 886
862 904
862 907
862 922
862 945
862 948
862 994
862 999
863 874
863 890
863 899
863 905
863 906
863 917
863 923
863 935
863 974
863 981
863 997
864 876
864 885
864 906
864 942
864 948
864 960
865 866
865 877
865 893
865 936
865 950
865 959
865 964
865 976
865 984
865 993
866 925
866 940
866 947
866 953
866 964
866 994
867 874
867 911
867 931
867 974
867 977
867 991
867 994
868 894
868 910
868 929
868 948
868 958
868 964
868 969
868 973
868 977
868 978
869 923
869 934
870 873
870 887
870 891
870 893
870 895
870 916
870 920
870 983
870 995
871 873
871 896
871 912
871 948
871 951
871 961
872 895
872 907
872 917
872 974
872 976
873 874
873 915
873 929
873 939
873 948
873 955
874 875
874 882
874 887
874 909
874 927
874 931
874 944
874 959
874 960
874 970
875 898
875 908
875 938
875 947
875 991
875 994
875 996
876 894
876 910
876 914
876 923
876 950
877 903
877 909
877 925
877 931
877 938
877 939
877 963
877 971
877 974
877 975
878 885
878 904
878 929
878 936
878 944
878 961
878 982
879 883
879 894
879 895
879 942
879 944
879 948
879 964
879 977
879 991
880 909
880 938
880 946
880 964
880 998
881 889
881 900
881 912
881 913
881 918
881 927
881 956
882 943
882 975
883 891
883 914
883 933
883 976
883 990
884 892
884 896
884 909
884 931
884 936
884 937
884 948
884 966
884 993
885 894
885 905
885 910
885 937
885 941
885 960
885 969
885 971
886 895
886 919
886 940
886 971
886 973
886 984
886 995
887 928
887 981
888 904
888 907
888 920
888 986
889 891
889 897
889 907
889 939
889 950
890 896
890 901
890 920
890 929
890 936
890 947
890 975
890 982
890 984
891 899
891 928
891 931
891 962
891 981
891 994
891 995
892 934
892 990
893 943
894 897
894 902
894 905
894 924
894 946
894 968
895 905
895 906
895 909
895 915
895 929
895 940
896 898
896 901
896 911
896 949
896 962
896 988
897 907
897 918
897 968
898 918
898 927
899 900
899 914
899 936
899 961
899 969
899 973
899 977
899 982
899 993
900 917
900 922
900 994
901 914
901 924
901 937
901 940
901 986
902 924
902 933
902 940
902 945
902 967
902 987
902 990
903 920
903 926
903 961
903 972
904 934
904 940
904 955
904 986
905 913
905 915
905 976
905 980
905 982
906 968
906 984
907 931
907 969
907 977
908 916
908 958
908 967
908 973
908 985
908 999
909 913
909 918
909 939
909 945
909 973
909 996
910 966
910 968
910 969
910 983
910 997
911 921
911 936
911 981
912 939
912 959
912 961
912 962
912 977
912 979
912 989
912 998
913 961
913 974
913 978
914 926
914 932
914 935
914 968
915 927
915 929
915 933
915 935
915 950
915 956
915 962
916 930
916 937
916 951
916 955
916 965
916 966
916 972
916 999
917 955
917 959
917 975
917 978
918 934
918 954
918 965
918 984
918 994
919 944
919 949
919 954
919 994
920 935
920 989
921 975
921 989
922 931
922 938
922 947
923 950
923 952
924 926
924 957
924 964
924 966
924 969
925 927
925 997
926 943
926 944
926 970
926 971
926 982
927 929
927 951
927 976
928 977
928 980
929 932
929 934
929 970
930 939
930 974
930 996
931 935
931 992
932 944
932 948
932 958
932 959
932 991
933 948
933 954
933 958
933 968
933 976
933 980
934 952
934 963
934 979
934 986
934 991
935 974
935 976
936 953
936 958
937 954
937 958
938 951
939 960
939 976
939 998
940 972
940 989
940 992
940 995
941 975
942 986
942 989
943 953
943 954
943 961
943 975
944 978
944 984
944 999
945 946
945 947
945 958
945 987
945 995
945 997
946 958
946 959
946 974
946 986
947 991
948 969
949 950
950 992
952 989
953 997
954 988
955 969
955 992
955 998
956 983
956 990
956 998
958 963
958 975
959 991
960 974
960 976
961 964
961 969
961 981
963 970
963 991
964 983
965 978
965 980
965 990
966 989
967 976
967 984
968 972
968 990
968 999
969 982
969 988
969 998
971 982
972 974
972 990
972 991
977 990
977 993
977 999
979 980
979 984
979 991
980 997
981 986
982 987
986 995
987 996
990 996
991 997
995 998
