0 1
0 3
0 7
0 11
0 15
1 0
1 17
1 20
2 13
2 18
3 0
3 1
3 7
3 11
3 15
3 16
4 1
4 8
4 10
4 13
4 16
4 18
4 20
5 1
5 6
5 8
5 11
5 16
5 20
7 3
9 2
9 4
9 7
9 8
9 11
9 15
9 19
10 0
10 1
10 2
10 3
10 4
10 7
10 8
10 11
10 12
10 14
10 16
10 17
10 18
11 0
11 3
11 16
11 20
12 4
12 10
13 6
13 14
14 0
14 2
14 4
14 5
14 8
14 10
14 13
14 18
15 0
15 1
16 0
16 1
16 2
16 3
16 4
16 5
16 6
16 7
16 8
16 9
16 10
16 11
16 13
16 14
16 15
16 18
16 19
16 20
17 1
18 0
18 1
18 2
18 4
18 10
18 11
18 13
18 14
18 19
19 10
19 17
20 1
20 11
20 16
20 17
